Query,Query RR,Query Expanded,Expanded Query RR,خروجی برای Query,شباهت با Query,خروجی برای Query Expanded,شباهت با Query Expanded
"q1 = ""الحمد لله""",1,"q1 = ""الحمد لله العالمين رب""",1,,,,
,,,,الْحَمْدُ لِلَّهِ رَبِّ الْعَالَمِينَ,0.775,الْحَمْدُ لِلَّهِ رَبِّ الْعَالَمِينَ,1
,,,,وَ الْحَمْدُ لِلَّهِ رَبِّ الْعَالَمِينَ,0.775,وَ الْحَمْدُ لِلَّهِ رَبِّ الْعَالَمِينَ,1
,,,,الْحَمْدُ لِلَّهِ الَّذِي لَهُ مَا فِي السَّمَاوَاتِ وَ مَا فِي الْأَرْضِ وَ لَهُ الْحَمْدُ فِي الْآخِرَةِ وَ هُوَ الْحَكِيمُ الْخَبِيرُ,0.566,فَلِلَّهِ الْحَمْدُ رَبِّ السَّمَاوَاتِ وَ رَبِّ الْأَرْضِ رَبِّ الْعَالَمِينَ,0.62
,,,,فَقُطِعَ دَابِرُ الْقَوْمِ الَّذِينَ ظَلَمُوا وَ الْحَمْدُ لِلَّهِ رَبِّ الْعَالَمِينَ,0.459,فَقُطِعَ دَابِرُ الْقَوْمِ الَّذِينَ ظَلَمُوا وَ الْحَمْدُ لِلَّهِ رَبِّ الْعَالَمِينَ,0.592
,,,,الْحَمْدُ لِلَّهِ الَّذِي أَنْزَلَ عَلَىٰ عَبْدِهِ الْكِتَابَ وَ لَمْ يَجْعَلْ لَهُ عِوَجًا,0.456,هُوَ الْحَيُّ لَا إِلَهَ إِلَّا هُوَ فَادْعُوهُ مُخْلِصِينَ لَهُ الدِّينَ الْحَمْدُ لِلَّهِ رَبِّ الْعَالَمِينَ,0.502
,,,,قُلِ الْحَمْدُ لِلَّهِ وَ سَلَامٌ عَلَىٰ عِبَادِهِ الَّذِينَ اصْطَفَىٰ آللَّهُ خَيْرٌ أَمَّا يُشْرِكُونَ,0.448,قَالَ فِرْعَوْنُ وَ مَا رَبُّ الْعَالَمِينَ,0.459
,,,,وَ لَئِنْ سَأَلْتَهُمْ مَنْ خَلَقَ السَّمَاوَاتِ وَ الْأَرْضَ لَيَقُولُنَّ اللَّهُ قُلِ الْحَمْدُ لِلَّهِ بَلْ أَكْثَرُهُمْ لَا يَعْلَمُونَ,0.418,تَنْزِيلٌ مِنْ رَبِّ الْعَالَمِينَ,0.442
,,,,وَ قَالُوا الْحَمْدُ لِلَّهِ الَّذِي أَذْهَبَ عَنَّا الْحَزَنَ إِنَّ رَبَّنَا لَغَفُورٌ شَكُورٌ,0.411,تَنْزِيلٌ مِنْ رَبِّ الْعَالَمِينَ,0.442
,,,,الْحَمْدُ لِلَّهِ الَّذِي خَلَقَ السَّمَاوَاتِ وَ الْأَرْضَ وَ جَعَلَ الظُّلُمَاتِ وَ النُّورَ ثُمَّ الَّذِينَ كَفَرُوا بِرَبِّهِمْ يَعْدِلُونَ,0.405,الْحَمْدُ لِلَّهِ الَّذِي لَهُ مَا فِي السَّمَاوَاتِ وَ مَا فِي الْأَرْضِ وَ لَهُ الْحَمْدُ فِي الْآخِرَةِ وَ هُوَ الْحَكِيمُ الْخَبِيرُ,0.439
,,,,يُسَبِّحُ لِلَّهِ مَا فِي السَّمَاوَاتِ وَ مَا فِي الْأَرْضِ لَهُ الْمُلْكُ وَ لَهُ الْحَمْدُ وَ هُوَ عَلَىٰ كُلِّ شَيْءٍ قَدِيرٌ,0.4,وَ تَرَى الْمَلَائِكَةَ حَافِّينَ مِنْ حَوْلِ الْعَرْشِ يُسَبِّحُونَ بِحَمْدِ رَبِّهِمْ وَ قُضِيَ بَيْنَهُمْ بِالْحَقِّ وَ قِيلَ الْحَمْدُ لِلَّهِ رَبِّ الْعَالَمِينَ,0.428
"q2 = ""فرعون موسی""",1,"q2 = ""فرعون موسي الي طغي""",1,,,,
,,,,وَ قَالَ مُوسَىٰ يَا فِرْعَوْنُ إِنِّي رَسُولٌ مِنْ رَبِّ الْعَالَمِينَ,0.61,اذْهَبْ إِلَىٰ فِرْعَوْنَ إِنَّهُ طَغَىٰ,0.729
,,,,إِلَىٰ فِرْعَوْنَ وَ مَلَئِهِ فَاتَّبَعُوا أَمْرَ فِرْعَوْنَ وَ مَا أَمْرُ فِرْعَوْنَ بِرَشِيدٍ,0.55,اذْهَبْ إِلَىٰ فِرْعَوْنَ إِنَّهُ طَغَىٰ,0.729
,,,,نَتْلُو عَلَيْكَ مِنْ نَبَإِ مُوسَىٰ وَ فِرْعَوْنَ بِالْحَقِّ لِقَوْمٍ يُؤْمِنُونَ,0.549,اذْهَبَا إِلَىٰ فِرْعَوْنَ إِنَّهُ طَغَىٰ,0.729
,,,,وَ فِي مُوسَىٰ إِذْ أَرْسَلْنَاهُ إِلَىٰ فِرْعَوْنَ بِسُلْطَانٍ مُبِينٍ,0.527,فَأَمَّا مَنْ طَغَىٰ,0.609
,,,,فِرْعَوْنَ وَ ثَمُودَ,0.488,كَذَّبَتْ ثَمُودُ بِطَغْوَاهَا,0.504
,,,,فَمَا آمَنَ لِمُوسَىٰ إِلَّا ذُرِّيَّةٌ مِنْ قَوْمِهِ عَلَىٰ خَوْفٍ مِنْ فِرْعَوْنَ وَ مَلَئِهِمْ أَنْ يَفْتِنَهُمْ وَ إِنَّ فِرْعَوْنَ لَعَالٍ فِي الْأَرْضِ وَ إِنَّهُ لَمِنَ الْمُسْرِفِينَ,0.468,قَالُوا يَا وَيْلَنَا إِنَّا كُنَّا طَاغِينَ,0.484
,,,,قَوْمَ فِرْعَوْنَ أَ لَا يَتَّقُونَ,0.463,وَ فِي مُوسَىٰ إِذْ أَرْسَلْنَاهُ إِلَىٰ فِرْعَوْنَ بِسُلْطَانٍ مُبِينٍ,0.465
,,,,وَ لَقَدْ آتَيْنَا مُوسَىٰ تِسْعَ آيَاتٍ بَيِّنَاتٍ فَاسْأَلْ بَنِي إِسْرَائِيلَ إِذْ جَاءَهُمْ فَقَالَ لَهُ فِرْعَوْنُ إِنِّي لَأَظُنُّكَ يَا مُوسَىٰ مَسْحُورًا,0.462,كَلَّا إِنَّ الْإِنْسَانَ لَيَطْغَىٰ,0.454
,,,,وَ لَقَدْ أَرْسَلْنَا مُوسَىٰ بِآيَاتِنَا إِلَىٰ فِرْعَوْنَ وَ مَلَئِهِ فَقَالَ إِنِّي رَسُولُ رَبِّ الْعَالَمِينَ,0.458,إِلَىٰ فِرْعَوْنَ وَ مَلَئِهِ فَاتَّبَعُوا أَمْرَ فِرْعَوْنَ وَ مَا أَمْرُ فِرْعَوْنَ بِرَشِيدٍ,0.448
,,,,قَالَ فَمَنْ رَبُّكُمَا يَا مُوسَىٰ,0.451,فَأَمَّا ثَمُودُ فَأُهْلِكُوا بِالطَّاغِيَةِ,0.438
"q3 = ""رب العالمين""",1,"q3 = ""رب العالمين اجري اسالكم""",1,,,,
,,,,قَالَ فِرْعَوْنُ وَ مَا رَبُّ الْعَالَمِينَ,0.726,وَ مَا أَسْأَلُكُمْ عَلَيْهِ مِنْ أَجْرٍ إِنْ أَجْرِيَ إِلَّا عَلَىٰ رَبِّ الْعَالَمِينَ,0.809
,,,,تَنْزِيلٌ مِنْ رَبِّ الْعَالَمِينَ,0.7,وَ مَا أَسْأَلُكُمْ عَلَيْهِ مِنْ أَجْرٍ إِنْ أَجْرِيَ إِلَّا عَلَىٰ رَبِّ الْعَالَمِينَ,0.809
,,,,تَنْزِيلٌ مِنْ رَبِّ الْعَالَمِينَ,0.7,وَ مَا أَسْأَلُكُمْ عَلَيْهِ مِنْ أَجْرٍ إِنْ أَجْرِيَ إِلَّا عَلَىٰ رَبِّ الْعَالَمِينَ,0.809
,,,,الْحَمْدُ لِلَّهِ رَبِّ الْعَالَمِينَ,0.632,وَ مَا أَسْأَلُكُمْ عَلَيْهِ مِنْ أَجْرٍ إِنْ أَجْرِيَ إِلَّا عَلَىٰ رَبِّ الْعَالَمِينَ,0.809
,,,,وَ الْحَمْدُ لِلَّهِ رَبِّ الْعَالَمِينَ,0.632,وَ مَا أَسْأَلُكُمْ عَلَيْهِ مِنْ أَجْرٍ إِنْ أَجْرِيَ إِلَّا عَلَىٰ رَبِّ الْعَالَمِينَ,0.809
,,,,فَلِلَّهِ الْحَمْدُ رَبِّ السَّمَاوَاتِ وَ رَبِّ الْأَرْضِ رَبِّ الْعَالَمِينَ,0.607,يَا قَوْمِ لَا أَسْأَلُكُمْ عَلَيْهِ أَجْرًا إِنْ أَجْرِيَ إِلَّا عَلَى الَّذِي فَطَرَنِي أَ فَلَا تَعْقِلُونَ,0.446
,,,,وَ إِنَّهُ لَتَنْزِيلُ رَبِّ الْعَالَمِينَ,0.558,قَالَ فِرْعَوْنُ وَ مَا رَبُّ الْعَالَمِينَ,0.396
,,,,وَ قَالَ مُوسَىٰ يَا فِرْعَوْنُ إِنِّي رَسُولٌ مِنْ رَبِّ الْعَالَمِينَ,0.525,تَنْزِيلٌ مِنْ رَبِّ الْعَالَمِينَ,0.382
,,,,فَإِنَّهُمْ عَدُوٌّ لِي إِلَّا رَبَّ الْعَالَمِينَ,0.521,تَنْزِيلٌ مِنْ رَبِّ الْعَالَمِينَ,0.382
,,,,تَنْزِيلُ الْكِتَابِ لَا رَيْبَ فِيهِ مِنْ رَبِّ الْعَالَمِينَ,0.496,وَ الْحَمْدُ لِلَّهِ رَبِّ الْعَالَمِينَ,0.345
"q4 = ""سراط مستقیم""",1,"q4 = ""سراط مستقيم صراط""",1,,,,
,,,,عَلَىٰ صِرَاطٍ مُسْتَقِيمٍ,0.683,عَلَىٰ صِرَاطٍ مُسْتَقِيمٍ,0.948
,,,,اهْدِنَا الصِّرَاطَ الْمُسْتَقِيمَ,0.65,قَالَ هَذَا صِرَاطٌ عَلَيَّ مُسْتَقِيمٌ,0.831
,,,,وَ لَهَدَيْنَاهُمْ صِرَاطًا مُسْتَقِيمًا,0.65,وَ أَنِ اعْبُدُونِي هَذَا صِرَاطٌ مُسْتَقِيمٌ,0.655
,,,,وَ هَدَيْنَاهُمَا الصِّرَاطَ الْمُسْتَقِيمَ,0.65,وَ إِنَّكَ لَتَدْعُوهُمْ إِلَىٰ صِرَاطٍ مُسْتَقِيمٍ,0.614
,,,,قَالَ هَذَا صِرَاطٌ عَلَيَّ مُسْتَقِيمٌ,0.589,إِنَّ اللَّهَ رَبِّي وَ رَبُّكُمْ فَاعْبُدُوهُ هَذَا صِرَاطٌ مُسْتَقِيمٌ,0.579
,,,,وَ أَنِ اعْبُدُونِي هَذَا صِرَاطٌ مُسْتَقِيمٌ,0.577,وَ إِنَّ اللَّهَ رَبِّي وَ رَبُّكُمْ فَاعْبُدُوهُ هَذَا صِرَاطٌ مُسْتَقِيمٌ,0.579
,,,,وَ إِنَّكَ لَتَدْعُوهُمْ إِلَىٰ صِرَاطٍ مُسْتَقِيمٍ,0.569,إِنَّ اللَّهَ هُوَ رَبِّي وَ رَبُّكُمْ فَاعْبُدُوهُ هَذَا صِرَاطٌ مُسْتَقِيمٌ,0.557
,,,,وَ زِنُوا بِالْقِسْطَاسِ الْمُسْتَقِيمِ,0.477,فَاسْتَمْسِكْ بِالَّذِي أُوحِيَ إِلَيْكَ إِنَّكَ عَلَىٰ صِرَاطٍ مُسْتَقِيمٍ,0.491
,,,,وَ إِنَّ اللَّهَ رَبِّي وَ رَبُّكُمْ فَاعْبُدُوهُ هَذَا صِرَاطٌ مُسْتَقِيمٌ,0.469,لَقَدْ أَنْزَلْنَا آيَاتٍ مُبَيِّنَاتٍ وَ اللَّهُ يَهْدِي مَنْ يَشَاءُ إِلَىٰ صِرَاطٍ مُسْتَقِيمٍ,0.477
,,,,إِنَّ اللَّهَ رَبِّي وَ رَبُّكُمْ فَاعْبُدُوهُ هَذَا صِرَاطٌ مُسْتَقِيمٌ,0.469,وَ اللَّهُ يَدْعُو إِلَىٰ دَارِ السَّلَامِ وَ يَهْدِي مَنْ يَشَاءُ إِلَىٰ صِرَاطٍ مُسْتَقِيمٍ,0.466
"q5 = ""الصراط المستقيم""",1,"q5 = ""الصراط المستقيم زنوا بالقسطاس""",0.33,,,,
,,,,اهْدِنَا الصِّرَاطَ الْمُسْتَقِيمَ,0.793,وَ زِنُوا بِالْقِسْطَاسِ الْمُسْتَقِيمِ,0.88
,,,,وَ هَدَيْنَاهُمَا الصِّرَاطَ الْمُسْتَقِيمَ,0.781,وَ أَوْفُوا الْكَيْلَ إِذَا كِلْتُمْ وَ زِنُوا بِالْقِسْطَاسِ الْمُسْتَقِيمِ ذَلِكَ خَيْرٌ وَ أَحْسَنُ تَأْوِيلًا,0.542
,,,,وَ زِنُوا بِالْقِسْطَاسِ الْمُسْتَقِيمِ,0.391,اهْدِنَا الصِّرَاطَ الْمُسْتَقِيمَ,0.537
,,,,وَ إِنَّ الَّذِينَ لَا يُؤْمِنُونَ بِالْآخِرَةِ عَنِ الصِّرَاطِ لَنَاكِبُونَ,0.341,وَ هَدَيْنَاهُمَا الصِّرَاطَ الْمُسْتَقِيمَ,0.529
,,,,قَالَ فَبِمَا أَغْوَيْتَنِي لَأَقْعُدَنَّ لَهُمْ صِرَاطَكَ الْمُسْتَقِيمَ,0.289,وَ إِنَّ الَّذِينَ لَا يُؤْمِنُونَ بِالْآخِرَةِ عَنِ الصِّرَاطِ لَنَاكِبُونَ,0.231
,,,,وَ لَوْ نَشَاءُ لَطَمَسْنَا عَلَىٰ أَعْيُنِهِمْ فَاسْتَبَقُوا الصِّرَاطَ فَأَنَّىٰ يُبْصِرُونَ,0.263,قَالَ فَبِمَا أَغْوَيْتَنِي لَأَقْعُدَنَّ لَهُمْ صِرَاطَكَ الْمُسْتَقِيمَ,0.196
,,,,قُلْ كُلٌّ مُتَرَبِّصٌ فَتَرَبَّصُوا فَسَتَعْلَمُونَ مَنْ أَصْحَابُ الصِّرَاطِ السَّوِيِّ وَ مَنِ اهْتَدَىٰ,0.254,وَ لَوْ نَشَاءُ لَطَمَسْنَا عَلَىٰ أَعْيُنِهِمْ فَاسْتَبَقُوا الصِّرَاطَ فَأَنَّىٰ يُبْصِرُونَ,0.178
,,,,وَ أَوْفُوا الْكَيْلَ إِذَا كِلْتُمْ وَ زِنُوا بِالْقِسْطَاسِ الْمُسْتَقِيمِ ذَلِكَ خَيْرٌ وَ أَحْسَنُ تَأْوِيلًا,0.241,قُلْ كُلٌّ مُتَرَبِّصٌ فَتَرَبَّصُوا فَسَتَعْلَمُونَ مَنْ أَصْحَابُ الصِّرَاطِ السَّوِيِّ وَ مَنِ اهْتَدَىٰ,0.172
,,,,إِذْ دَخَلُوا عَلَىٰ دَاوُودَ فَفَزِعَ مِنْهُمْ قَالُوا لَا تَخَفْ خَصْمَانِ بَغَىٰ بَعْضُنَا عَلَىٰ بَعْضٍ فَاحْكُمْ بَيْنَنَا بِالْحَقِّ وَ لَا تُشْطِطْ وَ اهْدِنَا إِلَىٰ سَوَاءِ الصِّرَاطِ,0.178,إِذْ دَخَلُوا عَلَىٰ دَاوُودَ فَفَزِعَ مِنْهُمْ قَالُوا لَا تَخَفْ خَصْمَانِ بَغَىٰ بَعْضُنَا عَلَىٰ بَعْضٍ فَاحْكُمْ بَيْنَنَا بِالْحَقِّ وَ لَا تُشْطِطْ وَ اهْدِنَا إِلَىٰ سَوَاءِ الصِّرَاطِ,0.121
,,,,فَلَمَّا جَاءَهُمْ بِالْحَقِّ مِنْ عِنْدِنَا قَالُوا اقْتُلُوا أَبْنَاءَ الَّذِينَ آمَنُوا مَعَهُ وَ اسْتَحْيُوا نِسَاءَهُمْ وَ مَا كَيْدُ الْكَافِرِينَ إِلَّا فِي ضَلَالٍ,0,فَلَمَّا جَاءَهُمْ بِالْحَقِّ مِنْ عِنْدِنَا قَالُوا اقْتُلُوا أَبْنَاءَ الَّذِينَ آمَنُوا مَعَهُ وَ اسْتَحْيُوا نِسَاءَهُمْ وَ مَا كَيْدُ الْكَافِرِينَ إِلَّا فِي ضَلَالٍ,0
"q6 = ""صراط مستقيم""",1,"q6 = ""صراط مستقيم ربي هذا""",1,,,,
,,,,عَلَىٰ صِرَاطٍ مُسْتَقِيمٍ,0.948,قَالَ هَذَا صِرَاطٌ عَلَيَّ مُسْتَقِيمٌ,0.794
,,,,قَالَ هَذَا صِرَاطٌ عَلَيَّ مُسْتَقِيمٌ,0.831,عَلَىٰ صِرَاطٍ مُسْتَقِيمٍ,0.743
,,,,وَ أَنِ اعْبُدُونِي هَذَا صِرَاطٌ مُسْتَقِيمٌ,0.655,وَ إِنَّ اللَّهَ رَبِّي وَ رَبُّكُمْ فَاعْبُدُوهُ هَذَا صِرَاطٌ مُسْتَقِيمٌ,0.74
,,,,وَ إِنَّكَ لَتَدْعُوهُمْ إِلَىٰ صِرَاطٍ مُسْتَقِيمٍ,0.614,إِنَّ اللَّهَ رَبِّي وَ رَبُّكُمْ فَاعْبُدُوهُ هَذَا صِرَاطٌ مُسْتَقِيمٌ,0.74
,,,,إِنَّ اللَّهَ رَبِّي وَ رَبُّكُمْ فَاعْبُدُوهُ هَذَا صِرَاطٌ مُسْتَقِيمٌ,0.579,إِنَّ اللَّهَ هُوَ رَبِّي وَ رَبُّكُمْ فَاعْبُدُوهُ هَذَا صِرَاطٌ مُسْتَقِيمٌ,0.711
,,,,وَ إِنَّ اللَّهَ رَبِّي وَ رَبُّكُمْ فَاعْبُدُوهُ هَذَا صِرَاطٌ مُسْتَقِيمٌ,0.579,وَ أَنِ اعْبُدُونِي هَذَا صِرَاطٌ مُسْتَقِيمٌ,0.626
,,,,إِنَّ اللَّهَ هُوَ رَبِّي وَ رَبُّكُمْ فَاعْبُدُوهُ هَذَا صِرَاطٌ مُسْتَقِيمٌ,0.557,إِنِّي تَوَكَّلْتُ عَلَى اللَّهِ رَبِّي وَ رَبِّكُمْ مَا مِنْ دَابَّةٍ إِلَّا هُوَ آخِذٌ بِنَاصِيَتِهَا إِنَّ رَبِّي عَلَىٰ صِرَاطٍ مُسْتَقِيمٍ,0.533
,,,,فَاسْتَمْسِكْ بِالَّذِي أُوحِيَ إِلَيْكَ إِنَّكَ عَلَىٰ صِرَاطٍ مُسْتَقِيمٍ,0.491,وَ إِنَّكَ لَتَدْعُوهُمْ إِلَىٰ صِرَاطٍ مُسْتَقِيمٍ,0.481
,,,,لَقَدْ أَنْزَلْنَا آيَاتٍ مُبَيِّنَاتٍ وَ اللَّهُ يَهْدِي مَنْ يَشَاءُ إِلَىٰ صِرَاطٍ مُسْتَقِيمٍ,0.477,قُلْ إِنَّنِي هَدَانِي رَبِّي إِلَىٰ صِرَاطٍ مُسْتَقِيمٍ دِينًا قِيَمًا مِلَّةَ إِبْرَاهِيمَ حَنِيفًا وَ مَا كَانَ مِنَ الْمُشْرِكِينَ,0.393
,,,,وَ اللَّهُ يَدْعُو إِلَىٰ دَارِ السَّلَامِ وَ يَهْدِي مَنْ يَشَاءُ إِلَىٰ صِرَاطٍ مُسْتَقِيمٍ,0.466,قَالَ هَذَا رَحْمَةٌ مِنْ رَبِّي فَإِذَا جَاءَ وَعْدُ رَبِّي جَعَلَهُ دَكَّاءَ وَ كَانَ وَعْدُ رَبِّي حَقًّا,0.387
"q7 = ""ارض شمس""",1,"q7 = ""ارض شمس الشمس القمر""",1,,,,
,,,,وَ الشَّمْسِ وَ ضُحَاهَا,0.522,وَ جُمِعَ الشَّمْسُ وَ الْقَمَرُ,0.708
,,,,الشَّمْسُ وَ الْقَمَرُ بِحُسْبَانٍ,0.51,الشَّمْسُ وَ الْقَمَرُ بِحُسْبَانٍ,0.583
,,,,وَ جُمِعَ الشَّمْسُ وَ الْقَمَرُ,0.51,كَلَّا وَ الْقَمَرِ,0.439
,,,,إِذَا الشَّمْسُ كُوِّرَتْ,0.483,وَ هُوَ الَّذِي خَلَقَ اللَّيْلَ وَ النَّهَارَ وَ الشَّمْسَ وَ الْقَمَرَ كُلٌّ فِي فَلَكٍ يَسْبَحُونَ,0.419
,,,,وَ مِنْ آيَاتِهِ اللَّيْلُ وَ النَّهَارُ وَ الشَّمْسُ وَ الْقَمَرُ لَا تَسْجُدُوا لِلشَّمْسِ وَ لَا لِلْقَمَرِ وَ اسْجُدُوا لِلَّهِ الَّذِي خَلَقَهُنَّ إِنْ كُنْتُمْ إِيَّاهُ تَعْبُدُونَ,0.438,وَ جَعَلَ الْقَمَرَ فِيهِنَّ نُورًا وَ جَعَلَ الشَّمْسَ سِرَاجًا,0.419
,,,,وَ لَئِنْ سَأَلْتَهُمْ مَنْ خَلَقَ السَّمَاوَاتِ وَ الْأَرْضَ وَ سَخَّرَ الشَّمْسَ وَ الْقَمَرَ لَيَقُولُنَّ اللَّهُ فَأَنَّىٰ يُؤْفَكُونَ,0.434,وَ خَسَفَ الْقَمَرُ,0.397
,,,,وَ الشَّمْسُ تَجْرِي لِمُسْتَقَرٍّ لَهَا ذَلِكَ تَقْدِيرُ الْعَزِيزِ الْعَلِيمِ,0.389,وَ لَئِنْ سَأَلْتَهُمْ مَنْ خَلَقَ السَّمَاوَاتِ وَ الْأَرْضَ وَ سَخَّرَ الشَّمْسَ وَ الْقَمَرَ لَيَقُولُنَّ اللَّهُ فَأَنَّىٰ يُؤْفَكُونَ,0.357
,,,,وَ جَعَلَ الْقَمَرَ فِيهِنَّ نُورًا وَ جَعَلَ الشَّمْسَ سِرَاجًا,0.34,وَ سَخَّرَ لَكُمُ الشَّمْسَ وَ الْقَمَرَ دَائِبَيْنِ وَ سَخَّرَ لَكُمُ اللَّيْلَ وَ النَّهَارَ,0.354
,,,,وَ هُوَ الَّذِي خَلَقَ اللَّيْلَ وَ النَّهَارَ وَ الشَّمْسَ وَ الْقَمَرَ كُلٌّ فِي فَلَكٍ يَسْبَحُونَ,0.337,وَ الشَّمْسِ وَ ضُحَاهَا,0.349
,,,,مُتَّكِئِينَ فِيهَا عَلَى الْأَرَائِكِ لَا يَرَوْنَ فِيهَا شَمْسًا وَ لَا زَمْهَرِيرًا,0.316,وَ الْقَمَرِ إِذَا اتَّسَقَ,0.334
"q8 = ""نبی رسول""",1,"q8 = ""نبي رسول امين نبيا""",1,,,,
,,,,وَ اذْكُرْ فِي الْكِتَابِ مُوسَىٰ إِنَّهُ كَانَ مُخْلَصًا وَ كَانَ رَسُولًا نَبِيًّا,0.505,إِنِّي لَكُمْ رَسُولٌ أَمِينٌ,0.622
,,,,وَ اذْكُرْ فِي الْكِتَابِ إِسْمَاعِيلَ إِنَّهُ كَانَ صَادِقَ الْوَعْدِ وَ كَانَ رَسُولًا نَبِيًّا,0.469,إِنِّي لَكُمْ رَسُولٌ أَمِينٌ,0.622
,,,,وَ كَمْ أَرْسَلْنَا مِنْ نَبِيٍّ فِي الْأَوَّلِينَ,0.411,إِنِّي لَكُمْ رَسُولٌ أَمِينٌ,0.622
,,,,قَالَ إِنِّي عَبْدُ اللَّهِ آتَانِيَ الْكِتَابَ وَ جَعَلَنِي نَبِيًّا,0.41,إِنِّي لَكُمْ رَسُولٌ أَمِينٌ,0.622
,,,,وَ مَا يَأْتِيهِمْ مِنْ نَبِيٍّ إِلَّا كَانُوا بِهِ يَسْتَهْزِءُونَ,0.407,إِنِّي لَكُمْ رَسُولٌ أَمِينٌ,0.622
,,,,وَ بَشَّرْنَاهُ بِإِسْحَاقَ نَبِيًّا مِنَ الصَّالِحِينَ,0.405,أَنْ أَدُّوا إِلَيَّ عِبَادَ اللَّهِ إِنِّي لَكُمْ رَسُولٌ أَمِينٌ,0.393
,,,,قُلْ يَا أَيُّهَا النَّاسُ إِنِّي رَسُولُ اللَّهِ إِلَيْكُمْ جَمِيعًا الَّذِي لَهُ مُلْكُ السَّمَاوَاتِ وَ الْأَرْضِ لَا إِلَهَ إِلَّا هُوَ يُحْيِي وَ يُمِيتُ فَآمِنُوا بِاللَّهِ وَ رَسُولِهِ النَّبِيِّ الْأُمِّيِّ الَّذِي يُؤْمِنُ بِاللَّهِ وَ كَلِمَاتِهِ وَ اتَّبِعُوهُ لَعَلَّكُمْ تَهْتَدُونَ,0.371,نَزَلَ بِهِ الرُّوحُ الْأَمِينُ,0.365
,,,,يَا أَيُّهَا النَّبِيُّ حَسْبُكَ اللَّهُ وَ مَنِ اتَّبَعَكَ مِنَ الْمُؤْمِنِينَ,0.367,وَ هَذَا الْبَلَدِ الْأَمِينِ,0.355
,,,,مَا كَانَ مُحَمَّدٌ أَبَا أَحَدٍ مِنْ رِجَالِكُمْ وَ لَكِنْ رَسُولَ اللَّهِ وَ خَاتَمَ النَّبِيِّينَ وَ كَانَ اللَّهُ بِكُلِّ شَيْءٍ عَلِيمًا,0.345,مُطَاعٍ ثَمَّ أَمِينٍ,0.31
,,,,وَ اذْكُرْ فِي الْكِتَابِ إِبْرَاهِيمَ إِنَّهُ كَانَ صِدِّيقًا نَبِيًّا,0.343,إِنَّ الْمُتَّقِينَ فِي مَقَامٍ أَمِينٍ,0.305
"q9 = ""شیطان رجیم""",1,"q9 = ""شيطان رجيم من فاخرج""",1,,,,
,,,,وَ مَا هُوَ بِقَوْلِ شَيْطَانٍ رَجِيمٍ,0.751,وَ حَفِظْنَاهَا مِنْ كُلِّ شَيْطَانٍ رَجِيمٍ,0.621
,,,,وَ حَفِظْنَاهَا مِنْ كُلِّ شَيْطَانٍ رَجِيمٍ,0.741,وَ مَا هُوَ بِقَوْلِ شَيْطَانٍ رَجِيمٍ,0.608
,,,,قَالَ فَاخْرُجْ مِنْهَا فَإِنَّكَ رَجِيمٌ,0.51,قَالَ فَاخْرُجْ مِنْهَا فَإِنَّكَ رَجِيمٌ,0.58
,,,,قَالَ فَاخْرُجْ مِنْهَا فَإِنَّكَ رَجِيمٌ,0.51,قَالَ فَاخْرُجْ مِنْهَا فَإِنَّكَ رَجِيمٌ,0.58
,,,,وَ حِفْظًا مِنْ كُلِّ شَيْطَانٍ مَارِدٍ,0.393,وَ حِفْظًا مِنْ كُلِّ شَيْطَانٍ مَارِدٍ,0.339
,,,,فَإِذَا قَرَأْتَ الْقُرْآنَ فَاسْتَعِذْ بِاللَّهِ مِنَ الشَّيْطَانِ الرَّجِيمِ,0.319,وَ مِنَ النَّاسِ مَنْ يُجَادِلُ فِي اللَّهِ بِغَيْرِ عِلْمٍ وَ يَتَّبِعُ كُلَّ شَيْطَانٍ مَرِيدٍ,0.283
,,,,وَ مِنَ النَّاسِ مَنْ يُجَادِلُ فِي اللَّهِ بِغَيْرِ عِلْمٍ وَ يَتَّبِعُ كُلَّ شَيْطَانٍ مَرِيدٍ,0.309,فَإِذَا قَرَأْتَ الْقُرْآنَ فَاسْتَعِذْ بِاللَّهِ مِنَ الشَّيْطَانِ الرَّجِيمِ,0.279
,,,,فَلَمَّا وَضَعَتْهَا قَالَتْ رَبِّ إِنِّي وَضَعْتُهَا أُنْثَىٰ وَ اللَّهُ أَعْلَمُ بِمَا وَضَعَتْ وَ لَيْسَ الذَّكَرُ كَالْأُنْثَىٰ وَ إِنِّي سَمَّيْتُهَا مَرْيَمَ وَ إِنِّي أُعِيذُهَا بِكَ وَ ذُرِّيَّتَهَا مِنَ الشَّيْطَانِ الرَّجِيمِ,0.16,قَالَ فَاهْبِطْ مِنْهَا فَمَا يَكُونُ لَكَ أَنْ تَتَكَبَّرَ فِيهَا فَاخْرُجْ إِنَّكَ مِنَ الصَّاغِرِينَ,0.209
,,,,بِسْمِ اللَّهِ الرَّحْمَنِ الرَّحِيمِ,0,فَأَخْرَجَ لَهُمْ عِجْلًا جَسَدًا لَهُ خُوَارٌ فَقَالُوا هَذَا إِلَهُكُمْ وَ إِلَهُ مُوسَىٰ فَنَسِيَ,0.19
,,,,مِثْلَ دَأْبِ قَوْمِ نُوحٍ وَ عَادٍ وَ ثَمُودَ وَ الَّذِينَ مِنْ بَعْدِهِمْ وَ مَا اللَّهُ يُرِيدُ ظُلْمًا لِلْعِبَادِ,0,وَ جَاءَ رَجُلٌ مِنْ أَقْصَى الْمَدِينَةِ يَسْعَىٰ قَالَ يَا مُوسَىٰ إِنَّ الْمَلَأَ يَأْتَمِرُونَ بِكَ لِيَقْتُلُوكَ فَاخْرُجْ إِنِّي لَكَ مِنَ النَّاصِحِينَ,0.183
"q10 = ""جنات تجری الانهار""",1,"q10 = ""جنات تجري الانهار تحتها فيها خالدين""",1,,,,
,,,,جَنَّاتُ عَدْنٍ تَجْرِي مِنْ تَحْتِهَا الْأَنْهَارُ خَالِدِينَ فِيهَا وَ ذَلِكَ جَزَاءُ مَنْ تَزَكَّىٰ,0.541,جَنَّاتُ عَدْنٍ تَجْرِي مِنْ تَحْتِهَا الْأَنْهَارُ خَالِدِينَ فِيهَا وَ ذَلِكَ جَزَاءُ مَنْ تَزَكَّىٰ,0.75
,,,,أَعَدَّ اللَّهُ لَهُمْ جَنَّاتٍ تَجْرِي مِنْ تَحْتِهَا الْأَنْهَارُ خَالِدِينَ فِيهَا ذَلِكَ الْفَوْزُ الْعَظِيمُ,0.534,أَعَدَّ اللَّهُ لَهُمْ جَنَّاتٍ تَجْرِي مِنْ تَحْتِهَا الْأَنْهَارُ خَالِدِينَ فِيهَا ذَلِكَ الْفَوْزُ الْعَظِيمُ,0.742
,,,,إِنَّ الَّذِينَ آمَنُوا وَ عَمِلُوا الصَّالِحَاتِ لَهُمْ جَنَّاتٌ تَجْرِي مِنْ تَحْتِهَا الْأَنْهَارُ ذَلِكَ الْفَوْزُ الْكَبِيرُ,0.523,فَأَثَابَهُمُ اللَّهُ بِمَا قَالُوا جَنَّاتٍ تَجْرِي مِنْ تَحْتِهَا الْأَنْهَارُ خَالِدِينَ فِيهَا وَ ذَلِكَ جَزَاءُ الْمُحْسِنِينَ,0.7
,,,,يَغْفِرْ لَكُمْ ذُنُوبَكُمْ وَ يُدْخِلْكُمْ جَنَّاتٍ تَجْرِي مِنْ تَحْتِهَا الْأَنْهَارُ وَ مَسَاكِنَ طَيِّبَةً فِي جَنَّاتِ عَدْنٍ ذَلِكَ الْفَوْزُ الْعَظِيمُ,0.509,أُولَئِكَ جَزَاؤُهُمْ مَغْفِرَةٌ مِنْ رَبِّهِمْ وَ جَنَّاتٌ تَجْرِي مِنْ تَحْتِهَا الْأَنْهَارُ خَالِدِينَ فِيهَا وَ نِعْمَ أَجْرُ الْعَامِلِينَ,0.652
,,,,فَأَثَابَهُمُ اللَّهُ بِمَا قَالُوا جَنَّاتٍ تَجْرِي مِنْ تَحْتِهَا الْأَنْهَارُ خَالِدِينَ فِيهَا وَ ذَلِكَ جَزَاءُ الْمُحْسِنِينَ,0.504,وَ أُدْخِلَ الَّذِينَ آمَنُوا وَ عَمِلُوا الصَّالِحَاتِ جَنَّاتٍ تَجْرِي مِنْ تَحْتِهَا الْأَنْهَارُ خَالِدِينَ فِيهَا بِإِذْنِ رَبِّهِمْ تَحِيَّتُهُمْ فِيهَا سَلَامٌ,0.65
,,,,إِنَّ اللَّهَ يُدْخِلُ الَّذِينَ آمَنُوا وَ عَمِلُوا الصَّالِحَاتِ جَنَّاتٍ تَجْرِي مِنْ تَحْتِهَا الْأَنْهَارُ إِنَّ اللَّهَ يَفْعَلُ مَا يُرِيدُ,0.493,لَكِنِ الَّذِينَ اتَّقَوْا رَبَّهُمْ لَهُمْ جَنَّاتٌ تَجْرِي مِنْ تَحْتِهَا الْأَنْهَارُ خَالِدِينَ فِيهَا نُزُلًا مِنْ عِنْدِ اللَّهِ وَ مَا عِنْدَ اللَّهِ خَيْرٌ لِلْأَبْرَارِ,0.595
,,,,وَعَدَ اللَّهُ الْمُؤْمِنِينَ وَ الْمُؤْمِنَاتِ جَنَّاتٍ تَجْرِي مِنْ تَحْتِهَا الْأَنْهَارُ خَالِدِينَ فِيهَا وَ مَسَاكِنَ طَيِّبَةً فِي جَنَّاتِ عَدْنٍ وَ رِضْوَانٌ مِنَ اللَّهِ أَكْبَرُ ذَلِكَ هُوَ الْفَوْزُ الْعَظِيمُ,0.473,تِلْكَ حُدُودُ اللَّهِ وَ مَنْ يُطِعِ اللَّهَ وَ رَسُولَهُ يُدْخِلْهُ جَنَّاتٍ تَجْرِي مِنْ تَحْتِهَا الْأَنْهَارُ خَالِدِينَ فِيهَا وَ ذَلِكَ الْفَوْزُ الْعَظِيمُ,0.593
,,,,أُولَئِكَ جَزَاؤُهُمْ مَغْفِرَةٌ مِنْ رَبِّهِمْ وَ جَنَّاتٌ تَجْرِي مِنْ تَحْتِهَا الْأَنْهَارُ خَالِدِينَ فِيهَا وَ نِعْمَ أَجْرُ الْعَامِلِينَ,0.47,وَعَدَ اللَّهُ الْمُؤْمِنِينَ وَ الْمُؤْمِنَاتِ جَنَّاتٍ تَجْرِي مِنْ تَحْتِهَا الْأَنْهَارُ خَالِدِينَ فِيهَا وَ مَسَاكِنَ طَيِّبَةً فِي جَنَّاتِ عَدْنٍ وَ رِضْوَانٌ مِنَ اللَّهِ أَكْبَرُ ذَلِكَ هُوَ الْفَوْزُ الْعَظِيمُ,0.582
,,,,إِنَّ الَّذِينَ آمَنُوا وَ عَمِلُوا الصَّالِحَاتِ يَهْدِيهِمْ رَبُّهُمْ بِإِيمَانِهِمْ تَجْرِي مِنْ تَحْتِهِمُ الْأَنْهَارُ فِي جَنَّاتِ النَّعِيمِ,0.465,لِيُدْخِلَ الْمُؤْمِنِينَ وَ الْمُؤْمِنَاتِ جَنَّاتٍ تَجْرِي مِنْ تَحْتِهَا الْأَنْهَارُ خَالِدِينَ فِيهَا وَ يُكَفِّرَ عَنْهُمْ سَيِّئَاتِهِمْ وَ كَانَ ذَلِكَ عِنْدَ اللَّهِ فَوْزًا عَظِيمًا,0.561
,,,,جَنَّاتُ عَدْنٍ يَدْخُلُونَهَا تَجْرِي مِنْ تَحْتِهَا الْأَنْهَارُ لَهُمْ فِيهَا مَا يَشَاءُونَ كَذَلِكَ يَجْزِي اللَّهُ الْمُتَّقِينَ,0.457,وَ الَّذِينَ آمَنُوا وَ عَمِلُوا الصَّالِحَاتِ سَنُدْخِلُهُمْ جَنَّاتٍ تَجْرِي مِنْ تَحْتِهَا الْأَنْهَارُ خَالِدِينَ فِيهَا أَبَدًا وَعْدَ اللَّهِ حَقًّا وَ مَنْ أَصْدَقُ مِنَ اللَّهِ قِيلًا,0.554
"q11 = ""یوم القیامه""",1,"q11 = ""يوم القيامه فيه انكم""",1,,,,
,,,,يَسْأَلُ أَيَّانَ يَوْمُ الْقِيَامَةِ,0.53,ثُمَّ إِنَّكُمْ يَوْمَ الْقِيَامَةِ تُبْعَثُونَ,0.589
,,,,ثُمَّ إِنَّكُمْ يَوْمَ الْقِيَامَةِ تُبْعَثُونَ,0.506,ثُمَّ إِنَّكُمْ يَوْمَ الْقِيَامَةِ عِنْدَ رَبِّكُمْ تَخْتَصِمُونَ,0.526
,,,,ثُمَّ إِنَّكُمْ يَوْمَ الْقِيَامَةِ عِنْدَ رَبِّكُمْ تَخْتَصِمُونَ,0.451,خَالِدِينَ فِيهِ وَ سَاءَ لَهُمْ يَوْمَ الْقِيَامَةِ حِمْلًا,0.452
,,,,خَالِدِينَ فِيهِ وَ سَاءَ لَهُمْ يَوْمَ الْقِيَامَةِ حِمْلًا,0.436,اللَّهُ يَحْكُمُ بَيْنَكُمْ يَوْمَ الْقِيَامَةِ فِيمَا كُنْتُمْ فِيهِ تَخْتَلِفُونَ,0.405
,,,,وَ كُلُّهُمْ آتِيهِ يَوْمَ الْقِيَامَةِ فَرْدًا,0.426,إِنَّمَا جُعِلَ السَّبْتُ عَلَى الَّذِينَ اخْتَلَفُوا فِيهِ وَ إِنَّ رَبَّكَ لَيَحْكُمُ بَيْنَهُمْ يَوْمَ الْقِيَامَةِ فِيمَا كَانُوا فِيهِ يَخْتَلِفُونَ,0.399
,,,,لَا أُقْسِمُ بِيَوْمِ الْقِيَامَةِ,0.409,يُضَاعَفْ لَهُ الْعَذَابُ يَوْمَ الْقِيَامَةِ وَ يَخْلُدْ فِيهِ مُهَانًا,0.38
,,,,اللَّهُ يَحْكُمُ بَيْنَكُمْ يَوْمَ الْقِيَامَةِ فِيمَا كُنْتُمْ فِيهِ تَخْتَلِفُونَ,0.39,إِنَّ رَبَّكَ هُوَ يَفْصِلُ بَيْنَهُمْ يَوْمَ الْقِيَامَةِ فِيمَا كَانُوا فِيهِ يَخْتَلِفُونَ,0.379
,,,,وَ جَعَلْنَاهُمْ أَئِمَّةً يَدْعُونَ إِلَى النَّارِ وَ يَوْمَ الْقِيَامَةِ لَا يُنْصَرُونَ,0.382,يَسْأَلُ أَيَّانَ يَوْمُ الْقِيَامَةِ,0.339
,,,,مَنْ أَعْرَضَ عَنْهُ فَإِنَّهُ يَحْمِلُ يَوْمَ الْقِيَامَةِ وِزْرًا,0.375,اللَّهُ لَا إِلَهَ إِلَّا هُوَ لَيَجْمَعَنَّكُمْ إِلَىٰ يَوْمِ الْقِيَامَةِ لَا رَيْبَ فِيهِ وَ مَنْ أَصْدَقُ مِنَ اللَّهِ حَدِيثًا,0.339
,,,,يُضَاعَفْ لَهُ الْعَذَابُ يَوْمَ الْقِيَامَةِ وَ يَخْلُدْ فِيهِ مُهَانًا,0.366,قَالَ إِنَّكُمْ قَوْمٌ مُنْكَرُونَ,0.33
"q12 = ""امر معروف نهی منکر""",1,"q12 = ""امر معروف نهي منكر المنكر بالمعروف عن ينهون""",1,,,,
,,,,وَ لْتَكُنْ مِنْكُمْ أُمَّةٌ يَدْعُونَ إِلَى الْخَيْرِ وَ يَأْمُرُونَ بِالْمَعْرُوفِ وَ يَنْهَوْنَ عَنِ الْمُنْكَرِ وَ أُولَئِكَ هُمُ الْمُفْلِحُونَ,0.63,وَ لْتَكُنْ مِنْكُمْ أُمَّةٌ يَدْعُونَ إِلَى الْخَيْرِ وَ يَأْمُرُونَ بِالْمَعْرُوفِ وَ يَنْهَوْنَ عَنِ الْمُنْكَرِ وَ أُولَئِكَ هُمُ الْمُفْلِحُونَ,0.462
,,,,يَا بُنَيَّ أَقِمِ الصَّلَاةَ وَ أْمُرْ بِالْمَعْرُوفِ وَ انْهَ عَنِ الْمُنْكَرِ وَ اصْبِرْ عَلَىٰ مَا أَصَابَكَ إِنَّ ذَلِكَ مِنْ عَزْمِ الْأُمُورِ,0.628,يَا بُنَيَّ أَقِمِ الصَّلَاةَ وَ أْمُرْ بِالْمَعْرُوفِ وَ انْهَ عَنِ الْمُنْكَرِ وَ اصْبِرْ عَلَىٰ مَا أَصَابَكَ إِنَّ ذَلِكَ مِنْ عَزْمِ الْأُمُورِ,0.455
,,,,الَّذِينَ إِنْ مَكَّنَّاهُمْ فِي الْأَرْضِ أَقَامُوا الصَّلَاةَ وَ آتَوُا الزَّكَاةَ وَ أَمَرُوا بِالْمَعْرُوفِ وَ نَهَوْا عَنِ الْمُنْكَرِ وَ لِلَّهِ عَاقِبَةُ الْأُمُورِ,0.605,الَّذِينَ إِنْ مَكَّنَّاهُمْ فِي الْأَرْضِ أَقَامُوا الصَّلَاةَ وَ آتَوُا الزَّكَاةَ وَ أَمَرُوا بِالْمَعْرُوفِ وَ نَهَوْا عَنِ الْمُنْكَرِ وَ لِلَّهِ عَاقِبَةُ الْأُمُورِ,0.439
,,,,يُؤْمِنُونَ بِاللَّهِ وَ الْيَوْمِ الْآخِرِ وَ يَأْمُرُونَ بِالْمَعْرُوفِ وَ يَنْهَوْنَ عَنِ الْمُنْكَرِ وَ يُسَارِعُونَ فِي الْخَيْرَاتِ وَ أُولَئِكَ مِنَ الصَّالِحِينَ,0.59,يُؤْمِنُونَ بِاللَّهِ وَ الْيَوْمِ الْآخِرِ وَ يَأْمُرُونَ بِالْمَعْرُوفِ وَ يَنْهَوْنَ عَنِ الْمُنْكَرِ وَ يُسَارِعُونَ فِي الْخَيْرَاتِ وَ أُولَئِكَ مِنَ الصَّالِحِينَ,0.433
,,,,كُنْتُمْ خَيْرَ أُمَّةٍ أُخْرِجَتْ لِلنَّاسِ تَأْمُرُونَ بِالْمَعْرُوفِ وَ تَنْهَوْنَ عَنِ الْمُنْكَرِ وَ تُؤْمِنُونَ بِاللَّهِ وَ لَوْ آمَنَ أَهْلُ الْكِتَابِ لَكَانَ خَيْرًا لَهُمْ مِنْهُمُ الْمُؤْمِنُونَ وَ أَكْثَرُهُمُ الْفَاسِقُونَ,0.502,كُنْتُمْ خَيْرَ أُمَّةٍ أُخْرِجَتْ لِلنَّاسِ تَأْمُرُونَ بِالْمَعْرُوفِ وَ تَنْهَوْنَ عَنِ الْمُنْكَرِ وَ تُؤْمِنُونَ بِاللَّهِ وَ لَوْ آمَنَ أَهْلُ الْكِتَابِ لَكَانَ خَيْرًا لَهُمْ مِنْهُمُ الْمُؤْمِنُونَ وَ أَكْثَرُهُمُ الْفَاسِقُونَ,0.368
,,,,قَالَ إِنَّكُمْ قَوْمٌ مُنْكَرُونَ,0.481,وَ الْمُؤْمِنُونَ وَ الْمُؤْمِنَاتُ بَعْضُهُمْ أَوْلِيَاءُ بَعْضٍ يَأْمُرُونَ بِالْمَعْرُوفِ وَ يَنْهَوْنَ عَنِ الْمُنْكَرِ وَ يُقِيمُونَ الصَّلَاةَ وَ يُؤْتُونَ الزَّكَاةَ وَ يُطِيعُونَ اللَّهَ وَ رَسُولَهُ أُولَئِكَ سَيَرْحَمُهُمُ اللَّهُ إِنَّ اللَّهَ عَزِيزٌ حَكِيمٌ,0.325
,,,,وَ الْمُؤْمِنُونَ وَ الْمُؤْمِنَاتُ بَعْضُهُمْ أَوْلِيَاءُ بَعْضٍ يَأْمُرُونَ بِالْمَعْرُوفِ وَ يَنْهَوْنَ عَنِ الْمُنْكَرِ وَ يُقِيمُونَ الصَّلَاةَ وَ يُؤْتُونَ الزَّكَاةَ وَ يُطِيعُونَ اللَّهَ وَ رَسُولَهُ أُولَئِكَ سَيَرْحَمُهُمُ اللَّهُ إِنَّ اللَّهَ عَزِيزٌ حَكِيمٌ,0.443,قَالَ إِنَّكُمْ قَوْمٌ مُنْكَرُونَ,0.318
,,,,الْمُنَافِقُونَ وَ الْمُنَافِقَاتُ بَعْضُهُمْ مِنْ بَعْضٍ يَأْمُرُونَ بِالْمُنْكَرِ وَ يَنْهَوْنَ عَنِ الْمَعْرُوفِ وَ يَقْبِضُونَ أَيْدِيَهُمْ نَسُوا اللَّهَ فَنَسِيَهُمْ إِنَّ الْمُنَافِقِينَ هُمُ الْفَاسِقُونَ,0.424,الْمُنَافِقُونَ وَ الْمُنَافِقَاتُ بَعْضُهُمْ مِنْ بَعْضٍ يَأْمُرُونَ بِالْمُنْكَرِ وَ يَنْهَوْنَ عَنِ الْمَعْرُوفِ وَ يَقْبِضُونَ أَيْدِيَهُمْ نَسُوا اللَّهَ فَنَسِيَهُمْ إِنَّ الْمُنَافِقِينَ هُمُ الْفَاسِقُونَ,0.311
,,,,أَ رَأَيْتَ الَّذِي يَنْهَىٰ,0.421,أَ رَأَيْتَ الَّذِي يَنْهَىٰ,0.278
,,,,إِلَىٰ رَبِّكَ مُنْتَهَاهَا,0.405,إِنَّ اللَّهَ يَأْمُرُ بِالْعَدْلِ وَ الْإِحْسَانِ وَ إِيتَاءِ ذِي الْقُرْبَىٰ وَ يَنْهَىٰ عَنِ الْفَحْشَاءِ وَ الْمُنْكَرِ وَ الْبَغْيِ يَعِظُكُمْ لَعَلَّكُمْ تَذَكَّرُونَ,0.277
"q13 = ""اهل الکتاب فاسق""",1,"q13 = ""اهل الكتاب فاسق الفاسقون المبين فاسقين""",0.16,,,,
,,,,فَمَنْ تَوَلَّىٰ بَعْدَ ذَلِكَ فَأُولَئِكَ هُمُ الْفَاسِقُونَ,0.356,وَ الْكِتَابِ الْمُبِينِ,0.536
,,,,وَ قَوْمَ نُوحٍ مِنْ قَبْلُ إِنَّهُمْ كَانُوا قَوْمًا فَاسِقِينَ,0.348,وَ الْكِتَابِ الْمُبِينِ,0.536
,,,,وَ مَا يَذْكُرُونَ إِلَّا أَنْ يَشَاءَ اللَّهُ هُوَ أَهْلُ التَّقْوَىٰ وَ أَهْلُ الْمَغْفِرَةِ,0.34,تِلْكَ آيَاتُ الْكِتَابِ الْمُبِينِ,0.373
,,,,أَ فَمَنْ كَانَ مُؤْمِنًا كَمَنْ كَانَ فَاسِقًا لَا يَسْتَوُونَ,0.335,تِلْكَ آيَاتُ الْكِتَابِ الْمُبِينِ,0.373
,,,,وَ لَقَدْ أَنْزَلْنَا إِلَيْكَ آيَاتٍ بَيِّنَاتٍ وَ مَا يَكْفُرُ بِهَا إِلَّا الْفَاسِقُونَ,0.332,الر تِلْكَ آيَاتُ الْكِتَابِ الْمُبِينِ,0.312
,,,,قُلْ يَا أَهْلَ الْكِتَابِ هَلْ تَنْقِمُونَ مِنَّا إِلَّا أَنْ آمَنَّا بِاللَّهِ وَ مَا أُنْزِلَ إِلَيْنَا وَ مَا أُنْزِلَ مِنْ قَبْلُ وَ أَنَّ أَكْثَرَكُمْ فَاسِقُونَ,0.33,وَ قَوْمَ نُوحٍ مِنْ قَبْلُ إِنَّهُمْ كَانُوا قَوْمًا فَاسِقِينَ,0.265
,,,,وَ الْكِتَابِ الْمُبِينِ,0.328,فَمَنْ تَوَلَّىٰ بَعْدَ ذَلِكَ فَأُولَئِكَ هُمُ الْفَاسِقُونَ,0.252
,,,,وَ الْكِتَابِ الْمُبِينِ,0.328,وَ مَا عَلَيْنَا إِلَّا الْبَلَاغُ الْمُبِينُ,0.235
,,,,وَ لْيَحْكُمْ أَهْلُ الْإِنْجِيلِ بِمَا أَنْزَلَ اللَّهُ فِيهِ وَ مَنْ لَمْ يَحْكُمْ بِمَا أَنْزَلَ اللَّهُ فَأُولَئِكَ هُمُ الْفَاسِقُونَ,0.325,كُنْتُمْ خَيْرَ أُمَّةٍ أُخْرِجَتْ لِلنَّاسِ تَأْمُرُونَ بِالْمَعْرُوفِ وَ تَنْهَوْنَ عَنِ الْمُنْكَرِ وَ تُؤْمِنُونَ بِاللَّهِ وَ لَوْ آمَنَ أَهْلُ الْكِتَابِ لَكَانَ خَيْرًا لَهُمْ مِنْهُمُ الْمُؤْمِنُونَ وَ أَكْثَرُهُمُ الْفَاسِقُونَ,0.219
,,,,فَاسْتَخَفَّ قَوْمَهُ فَأَطَاعُوهُ إِنَّهُمْ كَانُوا قَوْمًا فَاسِقِينَ,0.301,وَ قُلْ إِنِّي أَنَا النَّذِيرُ الْمُبِينُ,0.215
"q14 = ""جزا اجر""",1,"q14 = ""جزا اجر اجري اسالكم""",1,,,,
,,,,جَزَاءً بِمَا كَانُوا يَعْمَلُونَ,0.561,وَ مَا أَسْأَلُكُمْ عَلَيْهِ مِنْ أَجْرٍ إِنْ أَجْرِيَ إِلَّا عَلَىٰ رَبِّ الْعَالَمِينَ,0.665
,,,,قَالُوا جَزَاؤُهُ مَنْ وُجِدَ فِي رَحْلِهِ فَهُوَ جَزَاؤُهُ كَذَلِكَ نَجْزِي الظَّالِمِينَ,0.515,وَ مَا أَسْأَلُكُمْ عَلَيْهِ مِنْ أَجْرٍ إِنْ أَجْرِيَ إِلَّا عَلَىٰ رَبِّ الْعَالَمِينَ,0.665
,,,,وَ مَا أَسْأَلُكُمْ عَلَيْهِ مِنْ أَجْرٍ إِنْ أَجْرِيَ إِلَّا عَلَىٰ رَبِّ الْعَالَمِينَ,0.514,وَ مَا أَسْأَلُكُمْ عَلَيْهِ مِنْ أَجْرٍ إِنْ أَجْرِيَ إِلَّا عَلَىٰ رَبِّ الْعَالَمِينَ,0.665
,,,,وَ مَا أَسْأَلُكُمْ عَلَيْهِ مِنْ أَجْرٍ إِنْ أَجْرِيَ إِلَّا عَلَىٰ رَبِّ الْعَالَمِينَ,0.514,وَ مَا أَسْأَلُكُمْ عَلَيْهِ مِنْ أَجْرٍ إِنْ أَجْرِيَ إِلَّا عَلَىٰ رَبِّ الْعَالَمِينَ,0.665
,,,,وَ مَا أَسْأَلُكُمْ عَلَيْهِ مِنْ أَجْرٍ إِنْ أَجْرِيَ إِلَّا عَلَىٰ رَبِّ الْعَالَمِينَ,0.514,وَ مَا أَسْأَلُكُمْ عَلَيْهِ مِنْ أَجْرٍ إِنْ أَجْرِيَ إِلَّا عَلَىٰ رَبِّ الْعَالَمِينَ,0.665
,,,,وَ مَا أَسْأَلُكُمْ عَلَيْهِ مِنْ أَجْرٍ إِنْ أَجْرِيَ إِلَّا عَلَىٰ رَبِّ الْعَالَمِينَ,0.514,يَا قَوْمِ لَا أَسْأَلُكُمْ عَلَيْهِ أَجْرًا إِنْ أَجْرِيَ إِلَّا عَلَى الَّذِي فَطَرَنِي أَ فَلَا تَعْقِلُونَ,0.433
,,,,وَ مَا أَسْأَلُكُمْ عَلَيْهِ مِنْ أَجْرٍ إِنْ أَجْرِيَ إِلَّا عَلَىٰ رَبِّ الْعَالَمِينَ,0.514,قُلْ مَا أَسْأَلُكُمْ عَلَيْهِ مِنْ أَجْرٍ وَ مَا أَنَا مِنَ الْمُتَكَلِّفِينَ,0.364
,,,,قَالُوا فَمَا جَزَاؤُهُ إِنْ كُنْتُمْ كَاذِبِينَ,0.503,قُلْ مَا أَسْأَلُكُمْ عَلَيْهِ مِنْ أَجْرٍ إِلَّا مَنْ شَاءَ أَنْ يَتَّخِذَ إِلَىٰ رَبِّهِ سَبِيلًا,0.33
,,,,قَالَ اذْهَبْ فَمَنْ تَبِعَكَ مِنْهُمْ فَإِنَّ جَهَنَّمَ جَزَاؤُكُمْ جَزَاءً مَوْفُورًا,0.496,جَزَاءً بِمَا كَانُوا يَعْمَلُونَ,0.325
,,,,ذَلِكَ جَزَاءُ أَعْدَاءِ اللَّهِ النَّارُ لَهُمْ فِيهَا دَارُ الْخُلْدِ جَزَاءً بِمَا كَانُوا بِآيَاتِنَا يَجْحَدُونَ,0.477,قُلْ مَا سَأَلْتُكُمْ مِنْ أَجْرٍ فَهُوَ لَكُمْ إِنْ أَجْرِيَ إِلَّا عَلَى اللَّهِ وَ هُوَ عَلَىٰ كُلِّ شَيْءٍ شَهِيدٌ,0.31
"q15 = ""رسل بینات یهدی""",1,"q15 = ""رسل بينات يهدي امين المرسلين اني""",1,,,,
,,,,وَ كَذَلِكَ أَنْزَلْنَاهُ آيَاتٍ بَيِّنَاتٍ وَ أَنَّ اللَّهَ يَهْدِي مَنْ يُرِيدُ,0.528,إِنِّي لَكُمْ رَسُولٌ أَمِينٌ,0.441
,,,,قُلْ هَلْ مِنْ شُرَكَائِكُمْ مَنْ يَهْدِي إِلَى الْحَقِّ قُلِ اللَّهُ يَهْدِي لِلْحَقِّ أَ فَمَنْ يَهْدِي إِلَى الْحَقِّ أَحَقُّ أَنْ يُتَّبَعَ أَمَّنْ لَا يَهِدِّي إِلَّا أَنْ يُهْدَىٰ فَمَا لَكُمْ كَيْفَ تَحْكُمُونَ,0.447,إِنِّي لَكُمْ رَسُولٌ أَمِينٌ,0.441
,,,,إِنَّكَ لَمِنَ الْمُرْسَلِينَ,0.41,إِنِّي لَكُمْ رَسُولٌ أَمِينٌ,0.441
,,,,وَ إِنَّ إِلْيَاسَ لَمِنَ الْمُرْسَلِينَ,0.41,إِنِّي لَكُمْ رَسُولٌ أَمِينٌ,0.441
,,,,وَ إِنَّ لُوطًا لَمِنَ الْمُرْسَلِينَ,0.41,إِنِّي لَكُمْ رَسُولٌ أَمِينٌ,0.441
,,,,وَ إِنَّ يُونُسَ لَمِنَ الْمُرْسَلِينَ,0.41,وَ كَذَلِكَ أَنْزَلْنَاهُ آيَاتٍ بَيِّنَاتٍ وَ أَنَّ اللَّهَ يَهْدِي مَنْ يُرِيدُ,0.366
,,,,إِنَّا أَرْسَلْنَا إِلَيْكُمْ رَسُولًا شَاهِدًا عَلَيْكُمْ كَمَا أَرْسَلْنَا إِلَىٰ فِرْعَوْنَ رَسُولًا,0.393,قُلْ هَلْ مِنْ شُرَكَائِكُمْ مَنْ يَهْدِي إِلَى الْحَقِّ قُلِ اللَّهُ يَهْدِي لِلْحَقِّ أَ فَمَنْ يَهْدِي إِلَى الْحَقِّ أَحَقُّ أَنْ يُتَّبَعَ أَمَّنْ لَا يَهِدِّي إِلَّا أَنْ يُهْدَىٰ فَمَا لَكُمْ كَيْفَ تَحْكُمُونَ,0.311
,,,,قَالَ إِنَّ رَسُولَكُمُ الَّذِي أُرْسِلَ إِلَيْكُمْ لَمَجْنُونٌ,0.337,وَ سَلَامٌ عَلَى الْمُرْسَلِينَ,0.307
,,,,إِنِّي لَكُمْ رَسُولٌ أَمِينٌ,0.324,نَزَلَ بِهِ الرُّوحُ الْأَمِينُ,0.307
,,,,إِنِّي لَكُمْ رَسُولٌ أَمِينٌ,0.324,وَ هَذَا الْبَلَدِ الْأَمِينِ,0.298
"q16 = ""یحیی و یمیت""",1,"q16 = ""يحيي و يميت له هو""",1,,,,
,,,,هُوَ يُحْيِي وَ يُمِيتُ وَ إِلَيْهِ تُرْجَعُونَ,0.71,لَهُ مُلْكُ السَّمَاوَاتِ وَ الْأَرْضِ يُحْيِي وَ يُمِيتُ وَ هُوَ عَلَىٰ كُلِّ شَيْءٍ قَدِيرٌ,0.712
,,,,لَهُ مُلْكُ السَّمَاوَاتِ وَ الْأَرْضِ يُحْيِي وَ يُمِيتُ وَ هُوَ عَلَىٰ كُلِّ شَيْءٍ قَدِيرٌ,0.601,هُوَ يُحْيِي وَ يُمِيتُ وَ إِلَيْهِ تُرْجَعُونَ,0.712
,,,,لَا إِلَهَ إِلَّا هُوَ يُحْيِي وَ يُمِيتُ رَبُّكُمْ وَ رَبُّ آبَائِكُمُ الْأَوَّلِينَ,0.582,وَ هُوَ الَّذِي يُحْيِي وَ يُمِيتُ وَ لَهُ اخْتِلَافُ اللَّيْلِ وَ النَّهَارِ أَ فَلَا تَعْقِلُونَ,0.627
,,,,إِنَّ اللَّهَ لَهُ مُلْكُ السَّمَاوَاتِ وَ الْأَرْضِ يُحْيِي وَ يُمِيتُ وَ مَا لَكُمْ مِنْ دُونِ اللَّهِ مِنْ وَلِيٍّ وَ لَا نَصِيرٍ,0.541,لَا إِلَهَ إِلَّا هُوَ يُحْيِي وَ يُمِيتُ رَبُّكُمْ وَ رَبُّ آبَائِكُمُ الْأَوَّلِينَ,0.583
,,,,وَ هُوَ الَّذِي يُحْيِي وَ يُمِيتُ وَ لَهُ اخْتِلَافُ اللَّيْلِ وَ النَّهَارِ أَ فَلَا تَعْقِلُونَ,0.529,هُوَ الَّذِي يُحْيِي وَ يُمِيتُ فَإِذَا قَضَىٰ أَمْرًا فَإِنَّمَا يَقُولُ لَهُ كُنْ فَيَكُونُ,0.561
,,,,هُوَ الَّذِي يُحْيِي وَ يُمِيتُ فَإِذَا قَضَىٰ أَمْرًا فَإِنَّمَا يَقُولُ لَهُ كُنْ فَيَكُونُ,0.473,إِنَّ اللَّهَ لَهُ مُلْكُ السَّمَاوَاتِ وَ الْأَرْضِ يُحْيِي وَ يُمِيتُ وَ مَا لَكُمْ مِنْ دُونِ اللَّهِ مِنْ وَلِيٍّ وَ لَا نَصِيرٍ,0.556
,,,,ثُمَّ لَا يَمُوتُ فِيهَا وَ لَا يَحْيَىٰ,0.323,قُلْ يَا أَيُّهَا النَّاسُ إِنِّي رَسُولُ اللَّهِ إِلَيْكُمْ جَمِيعًا الَّذِي لَهُ مُلْكُ السَّمَاوَاتِ وَ الْأَرْضِ لَا إِلَهَ إِلَّا هُوَ يُحْيِي وَ يُمِيتُ فَآمِنُوا بِاللَّهِ وَ رَسُولِهِ النَّبِيِّ الْأُمِّيِّ الَّذِي يُؤْمِنُ بِاللَّهِ وَ كَلِمَاتِهِ وَ اتَّبِعُوهُ لَعَلَّكُمْ تَهْتَدُونَ,0.359
,,,,قُلْ يَا أَيُّهَا النَّاسُ إِنِّي رَسُولُ اللَّهِ إِلَيْكُمْ جَمِيعًا الَّذِي لَهُ مُلْكُ السَّمَاوَاتِ وَ الْأَرْضِ لَا إِلَهَ إِلَّا هُوَ يُحْيِي وَ يُمِيتُ فَآمِنُوا بِاللَّهِ وَ رَسُولِهِ النَّبِيِّ الْأُمِّيِّ الَّذِي يُؤْمِنُ بِاللَّهِ وَ كَلِمَاتِهِ وَ اتَّبِعُوهُ لَعَلَّكُمْ تَهْتَدُونَ,0.303,أَمِ اتَّخَذُوا مِنْ دُونِهِ أَوْلِيَاءَ فَاللَّهُ هُوَ الْوَلِيُّ وَ هُوَ يُحْيِي الْمَوْتَىٰ وَ هُوَ عَلَىٰ كُلِّ شَيْءٍ قَدِيرٌ,0.334
,,,,أَ لَيْسَ ذَلِكَ بِقَادِرٍ عَلَىٰ أَنْ يُحْيِيَ الْمَوْتَىٰ,0.293,وَ هُوَ اللَّهُ لَا إِلَهَ إِلَّا هُوَ لَهُ الْحَمْدُ فِي الْأُولَىٰ وَ الْآخِرَةِ وَ لَهُ الْحُكْمُ وَ إِلَيْهِ تُرْجَعُونَ,0.317
,,,,يَا أَيُّهَا الَّذِينَ آمَنُوا لَا تَكُونُوا كَالَّذِينَ كَفَرُوا وَ قَالُوا لِإِخْوَانِهِمْ إِذَا ضَرَبُوا فِي الْأَرْضِ أَوْ كَانُوا غُزًّى لَوْ كَانُوا عِنْدَنَا مَا مَاتُوا وَ مَا قُتِلُوا لِيَجْعَلَ اللَّهُ ذَلِكَ حَسْرَةً فِي قُلُوبِهِمْ وَ اللَّهُ يُحْيِي وَ يُمِيتُ وَ اللَّهُ بِمَا تَعْمَلُونَ بَصِيرٌ,0.285,فَاسْتَجَبْنَا لَهُ وَ وَهَبْنَا لَهُ يَحْيَىٰ وَ أَصْلَحْنَا لَهُ زَوْجَهُ إِنَّهُمْ كَانُوا يُسَارِعُونَ فِي الْخَيْرَاتِ وَ يَدْعُونَنَا رَغَبًا وَ رَهَبًا وَ كَانُوا لَنَا خَاشِعِينَ,0.273
"q17 = ""زوج ازواج اثنا""",1,"q17 = ""زوج ازواج اثنا ازواجا ازواجهم ازواجكم""",1,,,,
,,,,وَ آخَرُ مِنْ شَكْلِهِ أَزْوَاجٌ,0.354,وَ خَلَقْنَاكُمْ أَزْوَاجًا,0.275
,,,,وَ إِذَا النُّفُوسُ زُوِّجَتْ,0.32,وَ كُنْتُمْ أَزْوَاجًا ثَلَاثَةً,0.251
,,,,وَ خَلَقْنَاكُمْ أَزْوَاجًا,0.317,وَ آخَرُ مِنْ شَكْلِهِ أَزْوَاجٌ,0.249
,,,,وَ كُنْتُمْ أَزْوَاجًا ثَلَاثَةً,0.237,وَ إِنْ فَاتَكُمْ شَيْءٌ مِنْ أَزْوَاجِكُمْ إِلَى الْكُفَّارِ فَعَاقَبْتُمْ فَآتُوا الَّذِينَ ذَهَبَتْ أَزْوَاجُهُمْ مِثْلَ مَا أَنْفَقُوا وَ اتَّقُوا اللَّهَ الَّذِي أَنْتُمْ بِهِ مُؤْمِنُونَ,0.232
,,,,وَ إِنْ فَاتَكُمْ شَيْءٌ مِنْ أَزْوَاجِكُمْ إِلَى الْكُفَّارِ فَعَاقَبْتُمْ فَآتُوا الَّذِينَ ذَهَبَتْ أَزْوَاجُهُمْ مِثْلَ مَا أَنْفَقُوا وَ اتَّقُوا اللَّهَ الَّذِي أَنْتُمْ بِهِ مُؤْمِنُونَ,0.218,وَ إِذَا النُّفُوسُ زُوِّجَتْ,0.225
,,,,فِيهِمَا مِنْ كُلِّ فَاكِهَةٍ زَوْجَانِ,0.215,وَ اللَّهُ جَعَلَ لَكُمْ مِنْ أَنْفُسِكُمْ أَزْوَاجًا وَ جَعَلَ لَكُمْ مِنْ أَزْوَاجِكُمْ بَنِينَ وَ حَفَدَةً وَ رَزَقَكُمْ مِنَ الطَّيِّبَاتِ أَ فَبِالْبَاطِلِ يُؤْمِنُونَ وَ بِنِعْمَةِ اللَّهِ هُمْ يَكْفُرُونَ,0.212
,,,,وَ مِنْ كُلِّ شَيْءٍ خَلَقْنَا زَوْجَيْنِ لَعَلَّكُمْ تَذَكَّرُونَ,0.212,فَاطِرُ السَّمَاوَاتِ وَ الْأَرْضِ جَعَلَ لَكُمْ مِنْ أَنْفُسِكُمْ أَزْوَاجًا وَ مِنَ الْأَنْعَامِ أَزْوَاجًا يَذْرَؤُكُمْ فِيهِ لَيْسَ كَمِثْلِهِ شَيْءٌ وَ هُوَ السَّمِيعُ الْبَصِيرُ,0.204
,,,,فَاطِرُ السَّمَاوَاتِ وَ الْأَرْضِ جَعَلَ لَكُمْ مِنْ أَنْفُسِكُمْ أَزْوَاجًا وَ مِنَ الْأَنْعَامِ أَزْوَاجًا يَذْرَؤُكُمْ فِيهِ لَيْسَ كَمِثْلِهِ شَيْءٌ وَ هُوَ السَّمِيعُ الْبَصِيرُ,0.21,ادْخُلُوا الْجَنَّةَ أَنْتُمْ وَ أَزْوَاجُكُمْ تُحْبَرُونَ,0.201
,,,,فَجَعَلَ مِنْهُ الزَّوْجَيْنِ الذَّكَرَ وَ الْأُنْثَىٰ,0.205,احْشُرُوا الَّذِينَ ظَلَمُوا وَ أَزْوَاجَهُمْ وَ مَا كَانُوا يَعْبُدُونَ,0.19
,,,,كَذَلِكَ وَ زَوَّجْنَاهُمْ بِحُورٍ عِينٍ,0.205,هُمْ وَ أَزْوَاجُهُمْ فِي ظِلَالٍ عَلَى الْأَرَائِكِ مُتَّكِئُونَ,0.177
"q18 = ""صبر صلاه تقوا""",1,"q18 = ""صبر صلاه تقوا صبرا صبروا""",1,,,,
,,,,وَ لِرَبِّكَ فَاصْبِرْ,0.406,فَاصْبِرْ صَبْرًا جَمِيلًا,0.296
,,,,فَاصْبِرْ صَبْرًا جَمِيلًا,0.399,وَ لِرَبِّكَ فَاصْبِرْ,0.284
,,,,يَا أَيُّهَا الَّذِينَ آمَنُوا اسْتَعِينُوا بِالصَّبْرِ وَ الصَّلَاةِ إِنَّ اللَّهَ مَعَ الصَّابِرِينَ,0.345,الَّذِينَ صَبَرُوا وَ عَلَىٰ رَبِّهِمْ يَتَوَكَّلُونَ,0.272
,,,,اصْلَوْهَا فَاصْبِرُوا أَوْ لَا تَصْبِرُوا سَوَاءٌ عَلَيْكُمْ إِنَّمَا تُجْزَوْنَ مَا كُنْتُمْ تَعْمَلُونَ,0.333,الَّذِينَ صَبَرُوا وَ عَلَىٰ رَبِّهِمْ يَتَوَكَّلُونَ,0.272
,,,,يَا أَيُّهَا الَّذِينَ آمَنُوا اصْبِرُوا وَ صَابِرُوا وَ رَابِطُوا وَ اتَّقُوا اللَّهَ لَعَلَّكُمْ تُفْلِحُونَ,0.321,قَالَ إِنَّكَ لَنْ تَسْتَطِيعَ مَعِيَ صَبْرًا,0.252
,,,,وَ اصْبِرْ وَ مَا صَبْرُكَ إِلَّا بِاللَّهِ وَ لَا تَحْزَنْ عَلَيْهِمْ وَ لَا تَكُ فِي ضَيْقٍ مِمَّا يَمْكُرُونَ,0.319,يَا أَيُّهَا الَّذِينَ آمَنُوا اسْتَعِينُوا بِالصَّبْرِ وَ الصَّلَاةِ إِنَّ اللَّهَ مَعَ الصَّابِرِينَ,0.242
,,,,يَا أَيُّهَا الَّذِينَ آمَنُوا لِيَسْتَأْذِنْكُمُ الَّذِينَ مَلَكَتْ أَيْمَانُكُمْ وَ الَّذِينَ لَمْ يَبْلُغُوا الْحُلُمَ مِنْكُمْ ثَلَاثَ مَرَّاتٍ مِنْ قَبْلِ صَلَاةِ الْفَجْرِ وَ حِينَ تَضَعُونَ ثِيَابَكُمْ مِنَ الظَّهِيرَةِ وَ مِنْ بَعْدِ صَلَاةِ الْعِشَاءِ ثَلَاثُ عَوْرَاتٍ لَكُمْ لَيْسَ عَلَيْكُمْ وَ لَا عَلَيْهِمْ جُنَاحٌ بَعْدَهُنَّ طَوَّافُونَ عَلَيْكُمْ بَعْضُكُمْ عَلَىٰ بَعْضٍ كَذَلِكَ يُبَيِّنُ اللَّهُ لَكُمُ الْآيَاتِ وَ اللَّهُ عَلِيمٌ حَكِيمٌ,0.315,اصْلَوْهَا فَاصْبِرُوا أَوْ لَا تَصْبِرُوا سَوَاءٌ عَلَيْكُمْ إِنَّمَا تُجْزَوْنَ مَا كُنْتُمْ تَعْمَلُونَ,0.233
,,,,قَالَ إِنَّكَ لَنْ تَسْتَطِيعَ مَعِيَ صَبْرًا,0.312,يَا أَيُّهَا الَّذِينَ آمَنُوا اصْبِرُوا وَ صَابِرُوا وَ رَابِطُوا وَ اتَّقُوا اللَّهَ لَعَلَّكُمْ تُفْلِحُونَ,0.225
,,,,الَّذِينَ صَبَرُوا وَ عَلَىٰ رَبِّهِمْ يَتَوَكَّلُونَ,0.291,وَ اصْبِرْ وَ مَا صَبْرُكَ إِلَّا بِاللَّهِ وَ لَا تَحْزَنْ عَلَيْهِمْ وَ لَا تَكُ فِي ضَيْقٍ مِمَّا يَمْكُرُونَ,0.223
,,,,الَّذِينَ صَبَرُوا وَ عَلَىٰ رَبِّهِمْ يَتَوَكَّلُونَ,0.291,قَالَ أَ لَمْ أَقُلْ إِنَّكَ لَنْ تَسْتَطِيعَ مَعِيَ صَبْرًا,0.222
"q19 = ""نصر من الله""",0.33,"q19 = ""نصر من الله ينصرون انصرني كذبون""",1,,,,
,,,,مَا لَكُمْ لَا تَنَاصَرُونَ,0.837,قَالَ رَبِّ انْصُرْنِي بِمَا كَذَّبُونِ,0.691
,,,,إِنَّهُمْ لَهُمُ الْمَنْصُورُونَ,0.837,قَالَ رَبِّ انْصُرْنِي بِمَا كَذَّبُونِ,0.691
,,,,وَ يَنْصُرَكَ اللَّهُ نَصْرًا عَزِيزًا,0.804,قَالَ رَبِّ إِنَّ قَوْمِي كَذَّبُونِ,0.369
,,,,مِنْ دُونِ اللَّهِ هَلْ يَنْصُرُونَكُمْ أَوْ يَنْتَصِرُونَ,0.738,قَالَ رَبِّ انْصُرْنِي عَلَى الْقَوْمِ الْمُفْسِدِينَ,0.338
,,,,بِنَصْرِ اللَّهِ يَنْصُرُ مَنْ يَشَاءُ وَ هُوَ الْعَزِيزُ الرَّحِيمُ,0.736,إِنَّهُمْ لَهُمُ الْمَنْصُورُونَ,0.323
,,,,وَ لَا يَسْتَطِيعُونَ لَهُمْ نَصْرًا وَ لَا أَنْفُسَهُمْ يَنْصُرُونَ,0.69,مَا لَكُمْ لَا تَنَاصَرُونَ,0.323
,,,,لَئِنْ أُخْرِجُوا لَا يَخْرُجُونَ مَعَهُمْ وَ لَئِنْ قُوتِلُوا لَا يَنْصُرُونَهُمْ وَ لَئِنْ نَصَرُوهُمْ لَيُوَلُّنَّ الْأَدْبَارَ ثُمَّ لَا يُنْصَرُونَ,0.622,وَ يَنْصُرَكَ اللَّهُ نَصْرًا عَزِيزًا,0.31
,,,,يَا أَيُّهَا الَّذِينَ آمَنُوا إِنْ تَنْصُرُوا اللَّهَ يَنْصُرْكُمْ وَ يُثَبِّتْ أَقْدَامَكُمْ,0.612,مِنْ دُونِ اللَّهِ هَلْ يَنْصُرُونَكُمْ أَوْ يَنْتَصِرُونَ,0.285
,,,,وَ الَّذِينَ تَدْعُونَ مِنْ دُونِهِ لَا يَسْتَطِيعُونَ نَصْرَكُمْ وَ لَا أَنْفُسَهُمْ يَنْصُرُونَ,0.602,بِنَصْرِ اللَّهِ يَنْصُرُ مَنْ يَشَاءُ وَ هُوَ الْعَزِيزُ الرَّحِيمُ,0.284
,,,,وَ مَا كَانَ لَهُمْ مِنْ أَوْلِيَاءَ يَنْصُرُونَهُمْ مِنْ دُونِ اللَّهِ وَ مَنْ يُضْلِلِ اللَّهُ فَمَا لَهُ مِنْ سَبِيلٍ,0.58,وَ اتَّخَذُوا مِنْ دُونِ اللَّهِ آلِهَةً لَعَلَّهُمْ يُنْصَرُونَ,0.283
"q20 = ""وسوس شیطان""",1,"q20 = ""وسوس شيطان من رجيم""",1,,,,
,,,,الَّذِي يُوَسْوِسُ فِي صُدُورِ النَّاسِ,0.484,وَ حَفِظْنَاهَا مِنْ كُلِّ شَيْطَانٍ رَجِيمٍ,0.626
,,,,وَ مَا هُوَ بِقَوْلِ شَيْطَانٍ رَجِيمٍ,0.407,وَ مَا هُوَ بِقَوْلِ شَيْطَانٍ رَجِيمٍ,0.613
,,,,وَ حَفِظْنَاهَا مِنْ كُلِّ شَيْطَانٍ رَجِيمٍ,0.401,قَالَ فَاخْرُجْ مِنْهَا فَإِنَّكَ رَجِيمٌ,0.449
,,,,مِنْ شَرِّ الْوَسْوَاسِ الْخَنَّاسِ,0.394,قَالَ فَاخْرُجْ مِنْهَا فَإِنَّكَ رَجِيمٌ,0.449
,,,,وَ حِفْظًا مِنْ كُلِّ شَيْطَانٍ مَارِدٍ,0.391,الَّذِي يُوَسْوِسُ فِي صُدُورِ النَّاسِ,0.397
,,,,وَ لَقَدْ خَلَقْنَا الْإِنْسَانَ وَ نَعْلَمُ مَا تُوَسْوِسُ بِهِ نَفْسُهُ وَ نَحْنُ أَقْرَبُ إِلَيْهِ مِنْ حَبْلِ الْوَرِيدِ,0.317,وَ حِفْظًا مِنْ كُلِّ شَيْطَانٍ مَارِدٍ,0.342
,,,,وَ مِنَ النَّاسِ مَنْ يُجَادِلُ فِي اللَّهِ بِغَيْرِ عِلْمٍ وَ يَتَّبِعُ كُلَّ شَيْطَانٍ مَرِيدٍ,0.308,مِنْ شَرِّ الْوَسْوَاسِ الْخَنَّاسِ,0.323
,,,,فَوَسْوَسَ إِلَيْهِ الشَّيْطَانُ قَالَ يَا آدَمُ هَلْ أَدُلُّكَ عَلَىٰ شَجَرَةِ الْخُلْدِ وَ مُلْكٍ لَا يَبْلَىٰ,0.306,وَ مِنَ النَّاسِ مَنْ يُجَادِلُ فِي اللَّهِ بِغَيْرِ عِلْمٍ وَ يَتَّبِعُ كُلَّ شَيْطَانٍ مَرِيدٍ,0.286
,,,,فَوَسْوَسَ لَهُمَا الشَّيْطَانُ لِيُبْدِيَ لَهُمَا مَا وُورِيَ عَنْهُمَا مِنْ سَوْآتِهِمَا وَ قَالَ مَا نَهَاكُمَا رَبُّكُمَا عَنْ هَذِهِ الشَّجَرَةِ إِلَّا أَنْ تَكُونَا مَلَكَيْنِ أَوْ تَكُونَا مِنَ الْخَالِدِينَ,0.262,فَإِذَا قَرَأْتَ الْقُرْآنَ فَاسْتَعِذْ بِاللَّهِ مِنَ الشَّيْطَانِ الرَّجِيمِ,0.281
,,,,إِلَىٰ فِرْعَوْنَ وَ هَامَانَ وَ قَارُونَ فَقَالُوا سَاحِرٌ كَذَّابٌ,0,وَ لَقَدْ خَلَقْنَا الْإِنْسَانَ وَ نَعْلَمُ مَا تُوَسْوِسُ بِهِ نَفْسُهُ وَ نَحْنُ أَقْرَبُ إِلَيْهِ مِنْ حَبْلِ الْوَرِيدِ,0.26
"q21 = ""حیاه الاخره و حیاه الدنیا""",0.25,"q21 = ""حياه الاخره و حياه الدنيا الحياه في متاع لهم من""",1,,,,
,,,,وَ لَكُمْ فِي الْقِصَاصِ حَيَاةٌ يَا أُولِي الْأَلْبَابِ لَعَلَّكُمْ تَتَّقُونَ,0.392,وَ زُخْرُفًا وَ إِنْ كُلُّ ذَلِكَ لَمَّا مَتَاعُ الْحَيَاةِ الدُّنْيَا وَ الْآخِرَةُ عِنْدَ رَبِّكَ لِلْمُتَّقِينَ,0.482
,,,,مَنْ عَمِلَ صَالِحًا مِنْ ذَكَرٍ أَوْ أُنْثَىٰ وَ هُوَ مُؤْمِنٌ فَلَنُحْيِيَنَّهُ حَيَاةً طَيِّبَةً وَ لَنَجْزِيَنَّهُمْ أَجْرَهُمْ بِأَحْسَنِ مَا كَانُوا يَعْمَلُونَ,0.29,يَا قَوْمِ إِنَّمَا هَذِهِ الْحَيَاةُ الدُّنْيَا مَتَاعٌ وَ إِنَّ الْآخِرَةَ هِيَ دَارُ الْقَرَارِ,0.47
,,,,وَ لَتَجِدَنَّهُمْ أَحْرَصَ النَّاسِ عَلَىٰ حَيَاةٍ وَ مِنَ الَّذِينَ أَشْرَكُوا يَوَدُّ أَحَدُهُمْ لَوْ يُعَمَّرُ أَلْفَ سَنَةٍ وَ مَا هُوَ بِمُزَحْزِحِهِ مِنَ الْعَذَابِ أَنْ يُعَمَّرَ وَ اللَّهُ بَصِيرٌ بِمَا يَعْمَلُونَ,0.23,لَهُمْ عَذَابٌ فِي الْحَيَاةِ الدُّنْيَا وَ لَعَذَابُ الْآخِرَةِ أَشَقُّ وَ مَا لَهُمْ مِنَ اللَّهِ مِنْ وَاقٍ,0.47
,,,,يَا أَيُّهَا الَّذِينَ آمَنُوا مَا لَكُمْ إِذَا قِيلَ لَكُمُ انْفِرُوا فِي سَبِيلِ اللَّهِ اثَّاقَلْتُمْ إِلَى الْأَرْضِ أَ رَضِيتُمْ بِالْحَيَاةِ الدُّنْيَا مِنَ الْآخِرَةِ فَمَا مَتَاعُ الْحَيَاةِ الدُّنْيَا فِي الْآخِرَةِ إِلَّا قَلِيلٌ,0.213,اللَّهُ يَبْسُطُ الرِّزْقَ لِمَنْ يَشَاءُ وَ يَقْدِرُ وَ فَرِحُوا بِالْحَيَاةِ الدُّنْيَا وَ مَا الْحَيَاةُ الدُّنْيَا فِي الْآخِرَةِ إِلَّا مَتَاعٌ,0.468
,,,,وَ اتَّخَذُوا مِنْ دُونِهِ آلِهَةً لَا يَخْلُقُونَ شَيْئًا وَ هُمْ يُخْلَقُونَ وَ لَا يَمْلِكُونَ لِأَنْفُسِهِمْ ضَرًّا وَ لَا نَفْعًا وَ لَا يَمْلِكُونَ مَوْتًا وَ لَا حَيَاةً وَ لَا نُشُورًا,0.201,يَا أَيُّهَا الَّذِينَ آمَنُوا مَا لَكُمْ إِذَا قِيلَ لَكُمُ انْفِرُوا فِي سَبِيلِ اللَّهِ اثَّاقَلْتُمْ إِلَى الْأَرْضِ أَ رَضِيتُمْ بِالْحَيَاةِ الدُّنْيَا مِنَ الْآخِرَةِ فَمَا مَتَاعُ الْحَيَاةِ الدُّنْيَا فِي الْآخِرَةِ إِلَّا قَلِيلٌ,0.456
,,,,اللَّهُ يَبْسُطُ الرِّزْقَ لِمَنْ يَشَاءُ وَ يَقْدِرُ وَ فَرِحُوا بِالْحَيَاةِ الدُّنْيَا وَ مَا الْحَيَاةُ الدُّنْيَا فِي الْآخِرَةِ إِلَّا مَتَاعٌ,0.201,وَ آثَرَ الْحَيَاةَ الدُّنْيَا,0.404
,,,,وَ آتَيْنَاهُ فِي الدُّنْيَا حَسَنَةً وَ إِنَّهُ فِي الْآخِرَةِ لَمِنَ الصَّالِحِينَ,0.2,لَهُمُ الْبُشْرَىٰ فِي الْحَيَاةِ الدُّنْيَا وَ فِي الْآخِرَةِ لَا تَبْدِيلَ لِكَلِمَاتِ اللَّهِ ذَلِكَ هُوَ الْفَوْزُ الْعَظِيمُ,0.381
,,,,مَنْ كَانَ يُرِيدُ ثَوَابَ الدُّنْيَا فَعِنْدَ اللَّهِ ثَوَابُ الدُّنْيَا وَ الْآخِرَةِ وَ كَانَ اللَّهُ سَمِيعًا بَصِيرًا,0.194,مَتَاعٌ قَلِيلٌ وَ لَهُمْ عَذَابٌ أَلِيمٌ,0.359
,,,,أُولَئِكَ الَّذِينَ حَبِطَتْ أَعْمَالُهُمْ فِي الدُّنْيَا وَ الْآخِرَةِ وَ مَا لَهُمْ مِنْ نَاصِرِينَ,0.193,اعْلَمُوا أَنَّمَا الْحَيَاةُ الدُّنْيَا لَعِبٌ وَ لَهْوٌ وَ زِينَةٌ وَ تَفَاخُرٌ بَيْنَكُمْ وَ تَكَاثُرٌ فِي الْأَمْوَالِ وَ الْأَوْلَادِ كَمَثَلِ غَيْثٍ أَعْجَبَ الْكُفَّارَ نَبَاتُهُ ثُمَّ يَهِيجُ فَتَرَاهُ مُصْفَرًّا ثُمَّ يَكُونُ حُطَامًا وَ فِي الْآخِرَةِ عَذَابٌ شَدِيدٌ وَ مَغْفِرَةٌ مِنَ اللَّهِ وَ رِضْوَانٌ وَ مَا الْحَيَاةُ الدُّنْيَا إِلَّا مَتَاعُ الْغُرُورِ,0.344
,,,,يَعْلَمُونَ ظَاهِرًا مِنَ الْحَيَاةِ الدُّنْيَا وَ هُمْ عَنِ الْآخِرَةِ هُمْ غَافِلُونَ,0.179,يَعْلَمُونَ ظَاهِرًا مِنَ الْحَيَاةِ الدُّنْيَا وَ هُمْ عَنِ الْآخِرَةِ هُمْ غَافِلُونَ,0.343
"q22 = ""اصحاب یمین شمال""",1,"q22 = ""اصحاب يمين شمال اليمين الشمال باليمين""",1,,,,
,,,,الْيَمِينِ وَ عَنِ الشِّمَالِ عِزِينَ أَ,0.549,وَ أَصْحَابُ الشِّمَالِ مَا أَصْحَابُ الشِّمَالِ,0.549
,,,,وَ أَصْحَابُ الشِّمَالِ مَا أَصْحَابُ الشِّمَالِ,0.532,وَ أَصْحَابُ الْيَمِينِ مَا أَصْحَابُ الْيَمِينِ,0.522
,,,,إِذْ يَتَلَقَّى الْمُتَلَقِّيَانِ عَنِ الْيَمِينِ وَ عَنِ الشِّمَالِ قَعِيدٌ,0.421,إِلَّا أَصْحَابَ الْيَمِينِ,0.499
,,,,لَأَخَذْنَا مِنْهُ بِالْيَمِينِ,0.409,الْيَمِينِ وَ عَنِ الشِّمَالِ عِزِينَ أَ,0.459
,,,,لِأَصْحَابِ الْيَمِينِ,0.377,وَ أَمَّا إِنْ كَانَ مِنْ أَصْحَابِ الْيَمِينِ,0.425
,,,,وَ أَصْحَابُ الْيَمِينِ مَا أَصْحَابُ الْيَمِينِ,0.373,فَسَلَامٌ لَكَ مِنْ أَصْحَابِ الْيَمِينِ,0.344
,,,,لَا يَسْتَوِي أَصْحَابُ النَّارِ وَ أَصْحَابُ الْجَنَّةِ أَصْحَابُ الْجَنَّةِ هُمُ الْفَائِزُونَ,0.363,إِذْ يَتَلَقَّى الْمُتَلَقِّيَانِ عَنِ الْيَمِينِ وَ عَنِ الشِّمَالِ قَعِيدٌ,0.319
,,,,وَ مَا تِلْكَ بِيَمِينِكَ يَا مُوسَىٰ,0.358,لَأَخَذْنَا مِنْهُ بِالْيَمِينِ,0.303
,,,,إِلَّا أَصْحَابَ الْيَمِينِ,0.352,لِأَصْحَابِ الْيَمِينِ,0.268
,,,,لَقَدْ كَانَ لِسَبَإٍ فِي مَسْكَنِهِمْ آيَةٌ جَنَّتَانِ عَنْ يَمِينٍ وَ شِمَالٍ كُلُوا مِنْ رِزْقِ رَبِّكُمْ وَ اشْكُرُوا لَهُ بَلْدَةٌ طَيِّبَةٌ وَ رَبٌّ غَفُورٌ,0.347,فَرَاغَ عَلَيْهِمْ ضَرْبًا بِالْيَمِينِ,0.266
"q23 = ""قرض الحسنه مضاعف""",1,"q23 = ""قرض الحسنه مضاعف قرضا الله""",1,,,,
,,,,مَنْ ذَا الَّذِي يُقْرِضُ اللَّهَ قَرْضًا حَسَنًا فَيُضَاعِفَهُ لَهُ وَ لَهُ أَجْرٌ كَرِيمٌ,0.536,مَنْ ذَا الَّذِي يُقْرِضُ اللَّهَ قَرْضًا حَسَنًا فَيُضَاعِفَهُ لَهُ وَ لَهُ أَجْرٌ كَرِيمٌ,0.425
,,,,إِنْ تُقْرِضُوا اللَّهَ قَرْضًا حَسَنًا يُضَاعِفْهُ لَكُمْ وَ يَغْفِرْ لَكُمْ وَ اللَّهُ شَكُورٌ حَلِيمٌ,0.494,إِنْ تُقْرِضُوا اللَّهَ قَرْضًا حَسَنًا يُضَاعِفْهُ لَكُمْ وَ يَغْفِرْ لَكُمْ وَ اللَّهُ شَكُورٌ حَلِيمٌ,0.392
,,,,إِنَّ الْمُصَّدِّقِينَ وَ الْمُصَّدِّقَاتِ وَ أَقْرَضُوا اللَّهَ قَرْضًا حَسَنًا يُضَاعَفُ لَهُمْ وَ لَهُمْ أَجْرٌ كَرِيمٌ,0.472,إِنَّ الْمُصَّدِّقِينَ وَ الْمُصَّدِّقَاتِ وَ أَقْرَضُوا اللَّهَ قَرْضًا حَسَنًا يُضَاعَفُ لَهُمْ وَ لَهُمْ أَجْرٌ كَرِيمٌ,0.375
,,,,مَنْ ذَا الَّذِي يُقْرِضُ اللَّهَ قَرْضًا حَسَنًا فَيُضَاعِفَهُ لَهُ أَضْعَافًا كَثِيرَةً وَ اللَّهُ يَقْبِضُ وَ يَبْسُطُ وَ إِلَيْهِ تُرْجَعُونَ,0.42,مَنْ ذَا الَّذِي يُقْرِضُ اللَّهَ قَرْضًا حَسَنًا فَيُضَاعِفَهُ لَهُ أَضْعَافًا كَثِيرَةً وَ اللَّهُ يَقْبِضُ وَ يَبْسُطُ وَ إِلَيْهِ تُرْجَعُونَ,0.333
,,,,وَ لَقَدْ أَخَذَ اللَّهُ مِيثَاقَ بَنِي إِسْرَائِيلَ وَ بَعَثْنَا مِنْهُمُ اثْنَيْ عَشَرَ نَقِيبًا وَ قَالَ اللَّهُ إِنِّي مَعَكُمْ لَئِنْ أَقَمْتُمُ الصَّلَاةَ وَ آتَيْتُمُ الزَّكَاةَ وَ آمَنْتُمْ بِرُسُلِي وَ عَزَّرْتُمُوهُمْ وَ أَقْرَضْتُمُ اللَّهَ قَرْضًا حَسَنًا لَأُكَفِّرَنَّ عَنْكُمْ سَيِّئَاتِكُمْ وَ لَاُدْخِلَنَّكُمْ جَنَّاتٍ تَجْرِي مِنْ تَحْتِهَا الْأَنْهَارُ فَمَنْ كَفَرَ بَعْدَ ذَلِكَ مِنْكُمْ فَقَدْ ضَلَّ سَوَاءَ السَّبِيلِ,0.301,وَ لَقَدْ أَخَذَ اللَّهُ مِيثَاقَ بَنِي إِسْرَائِيلَ وَ بَعَثْنَا مِنْهُمُ اثْنَيْ عَشَرَ نَقِيبًا وَ قَالَ اللَّهُ إِنِّي مَعَكُمْ لَئِنْ أَقَمْتُمُ الصَّلَاةَ وَ آتَيْتُمُ الزَّكَاةَ وَ آمَنْتُمْ بِرُسُلِي وَ عَزَّرْتُمُوهُمْ وَ أَقْرَضْتُمُ اللَّهَ قَرْضًا حَسَنًا لَأُكَفِّرَنَّ عَنْكُمْ سَيِّئَاتِكُمْ وَ لَاُدْخِلَنَّكُمْ جَنَّاتٍ تَجْرِي مِنْ تَحْتِهَا الْأَنْهَارُ فَمَنْ كَفَرَ بَعْدَ ذَلِكَ مِنْكُمْ فَقَدْ ضَلَّ سَوَاءَ السَّبِيلِ,0.239
,,,,قَالَ يَا قَوْمِ لِمَ تَسْتَعْجِلُونَ بِالسَّيِّئَةِ قَبْلَ الْحَسَنَةِ لَوْ لَا تَسْتَغْفِرُونَ اللَّهَ لَعَلَّكُمْ تُرْحَمُونَ,0.27,قَالَ يَا قَوْمِ لِمَ تَسْتَعْجِلُونَ بِالسَّيِّئَةِ قَبْلَ الْحَسَنَةِ لَوْ لَا تَسْتَغْفِرُونَ اللَّهَ لَعَلَّكُمْ تُرْحَمُونَ,0.234
,,,,وَ لَا تَسْتَوِي الْحَسَنَةُ وَ لَا السَّيِّئَةُ ادْفَعْ بِالَّتِي هِيَ أَحْسَنُ فَإِذَا الَّذِي بَيْنَكَ وَ بَيْنَهُ عَدَاوَةٌ كَأَنَّهُ وَلِيٌّ حَمِيمٌ,0.209,فَإِذَا جَاءَتْهُمُ الْحَسَنَةُ قَالُوا لَنَا هَذِهِ وَ إِنْ تُصِبْهُمْ سَيِّئَةٌ يَطَّيَّرُوا بِمُوسَىٰ وَ مَنْ مَعَهُ أَلَا إِنَّمَا طَائِرُهُمْ عِنْدَ اللَّهِ وَ لَكِنَّ أَكْثَرَهُمْ لَا يَعْلَمُونَ,0.176
,,,,فَإِذَا جَاءَتْهُمُ الْحَسَنَةُ قَالُوا لَنَا هَذِهِ وَ إِنْ تُصِبْهُمْ سَيِّئَةٌ يَطَّيَّرُوا بِمُوسَىٰ وَ مَنْ مَعَهُ أَلَا إِنَّمَا طَائِرُهُمْ عِنْدَ اللَّهِ وَ لَكِنَّ أَكْثَرَهُمْ لَا يَعْلَمُونَ,0.203,وَ لَا تَسْتَوِي الْحَسَنَةُ وَ لَا السَّيِّئَةُ ادْفَعْ بِالَّتِي هِيَ أَحْسَنُ فَإِذَا الَّذِي بَيْنَكَ وَ بَيْنَهُ عَدَاوَةٌ كَأَنَّهُ وَلِيٌّ حَمِيمٌ,0.166
,,,,ثُمَّ بَدَّلْنَا مَكَانَ السَّيِّئَةِ الْحَسَنَةَ حَتَّىٰ عَفَوْا وَ قَالُوا قَدْ مَسَّ آبَاءَنَا الضَّرَّاءُ وَ السَّرَّاءُ فَأَخَذْنَاهُمْ بَغْتَةً وَ هُمْ لَا يَشْعُرُونَ,0.202,ثُمَّ بَدَّلْنَا مَكَانَ السَّيِّئَةِ الْحَسَنَةَ حَتَّىٰ عَفَوْا وَ قَالُوا قَدْ مَسَّ آبَاءَنَا الضَّرَّاءُ وَ السَّرَّاءُ فَأَخَذْنَاهُمْ بَغْتَةً وَ هُمْ لَا يَشْعُرُونَ,0.16
,,,,إِنَّ رَبَّكَ يَعْلَمُ أَنَّكَ تَقُومُ أَدْنَىٰ مِنْ ثُلُثَيِ اللَّيْلِ وَ نِصْفَهُ وَ ثُلُثَهُ وَ طَائِفَةٌ مِنَ الَّذِينَ مَعَكَ وَ اللَّهُ يُقَدِّرُ اللَّيْلَ وَ النَّهَارَ عَلِمَ أَنْ لَنْ تُحْصُوهُ فَتَابَ عَلَيْكُمْ فَاقْرَءُوا مَا تَيَسَّرَ مِنَ الْقُرْآنِ عَلِمَ أَنْ سَيَكُونُ مِنْكُمْ مَرْضَىٰ وَ آخَرُونَ يَضْرِبُونَ فِي الْأَرْضِ يَبْتَغُونَ مِنْ فَضْلِ اللَّهِ وَ آخَرُونَ يُقَاتِلُونَ فِي سَبِيلِ اللَّهِ فَاقْرَءُوا مَا تَيَسَّرَ مِنْهُ وَ أَقِيمُوا الصَّلَاةَ وَ آتُوا الزَّكَاةَ وَ أَقْرِضُوا اللَّهَ قَرْضًا حَسَنًا وَ مَا تُقَدِّمُوا لِأَنْفُسِكُمْ مِنْ خَيْرٍ تَجِدُوهُ عِنْدَ اللَّهِ هُوَ خَيْرًا وَ أَعْظَمَ أَجْرًا وَ اسْتَغْفِرُوا اللَّهَ إِنَّ اللَّهَ غَفُورٌ رَحِيمٌ,0.201,إِنَّ رَبَّكَ يَعْلَمُ أَنَّكَ تَقُومُ أَدْنَىٰ مِنْ ثُلُثَيِ اللَّيْلِ وَ نِصْفَهُ وَ ثُلُثَهُ وَ طَائِفَةٌ مِنَ الَّذِينَ مَعَكَ وَ اللَّهُ يُقَدِّرُ اللَّيْلَ وَ النَّهَارَ عَلِمَ أَنْ لَنْ تُحْصُوهُ فَتَابَ عَلَيْكُمْ فَاقْرَءُوا مَا تَيَسَّرَ مِنَ الْقُرْآنِ عَلِمَ أَنْ سَيَكُونُ مِنْكُمْ مَرْضَىٰ وَ آخَرُونَ يَضْرِبُونَ فِي الْأَرْضِ يَبْتَغُونَ مِنْ فَضْلِ اللَّهِ وَ آخَرُونَ يُقَاتِلُونَ فِي سَبِيلِ اللَّهِ فَاقْرَءُوا مَا تَيَسَّرَ مِنْهُ وَ أَقِيمُوا الصَّلَاةَ وَ آتُوا الزَّكَاةَ وَ أَقْرِضُوا اللَّهَ قَرْضًا حَسَنًا وَ مَا تُقَدِّمُوا لِأَنْفُسِكُمْ مِنْ خَيْرٍ تَجِدُوهُ عِنْدَ اللَّهِ هُوَ خَيْرًا وَ أَعْظَمَ أَجْرًا وَ اسْتَغْفِرُوا اللَّهَ إِنَّ اللَّهَ غَفُورٌ رَحِيمٌ,0.159
"q24 = ""كذبت عاد فكيف كان عذابي و نذر""",1,"q24 = ""كذبت عاد فكيف كان عذابي و نذر المرسلين ثمود نذير نوح تنذرهم""",1,,,,
,,,,كَذَّبَتْ عَادٌ فَكَيْفَ كَانَ عَذَابِي وَ نُذُرِ,1,كَذَّبَتْ عَادٌ فَكَيْفَ كَانَ عَذَابِي وَ نُذُرِ,0.712
,,,,فَكَيْفَ كَانَ عَذَابِي وَ نُذُرِ,0.795,فَكَيْفَ كَانَ عَذَابِي وَ نُذُرِ,0.566
,,,,فَكَيْفَ كَانَ عَذَابِي وَ نُذُرِ,0.795,فَكَيْفَ كَانَ عَذَابِي وَ نُذُرِ,0.566
,,,,فَكَيْفَ كَانَ عَذَابِي وَ نُذُرِ,0.795,فَكَيْفَ كَانَ عَذَابِي وَ نُذُرِ,0.566
,,,,كَذَّبَتْ عَادٌ الْمُرْسَلِينَ,0.489,كَذَّبَتْ ثَمُودُ الْمُرْسَلِينَ,0.543
,,,,فَذُوقُوا عَذَابِي وَ نُذُرِ,0.475,كَذَّبَتْ عَادٌ الْمُرْسَلِينَ,0.536
,,,,كَذَّبَتْ ثَمُودُ وَ عَادٌ بِالْقَارِعَةِ,0.392,كَذَّبَتْ قَوْمُ نُوحٍ الْمُرْسَلِينَ,0.511
,,,,إِنْ أَنْتَ إِلَّا نَذِيرٌ,0.349,وَ إِنْ يُكَذِّبُوكَ فَقَدْ كَذَّبَتْ قَبْلَهُمْ قَوْمُ نُوحٍ وَ عَادٌ وَ ثَمُودُ,0.411
,,,,هَذَا نَذِيرٌ مِنَ النُّذُرِ الْأُولَىٰ,0.324,كَذَّبَتْ ثَمُودُ وَ عَادٌ بِالْقَارِعَةِ,0.403
,,,,كَذَّبَتْ قَبْلَهُمْ قَوْمُ نُوحٍ وَ عَادٌ وَ فِرْعَوْنُ ذُو الْأَوْتَادِ,0.323,كَذَّبَتْ قَوْمُ لُوطٍ الْمُرْسَلِينَ,0.373
"q25 = ""اَللَّـهُ لَا إِلَـٰهَ إِلَّا هُوَ الْحَيُّ الْقَيُّومُ ۚ لَا تَأْخُذُهُ سِنَةٌ وَلَا نَوْمٌ ۚ لَّهُ مَا فِي السَّمَاوَاتِ وَمَا فِي الْأَرْ‌ضِ ۗ مَن ذَا الَّذِي يَشْفَعُ عِندَهُ إِلَّا بِإِذْنِهِ ۚ يَعْلَمُ مَا بَيْنَ أَيْدِيهِمْ وَمَا خَلْفَهُمْ ۖ وَلَا يُحِيطُونَ بِشَيْءٍ مِّنْ عِلْمِهِ إِلَّا بِمَا شَاءَ ۚ وَسِعَ كُرْ‌سِيُّهُ السَّمَاوَاتِ وَالْأَرْ‌ضَ ۖ وَلَا يَئُودُهُ حِفْظُهُمَا ۚ وَهُوَ الْعَلِيُّ الْعَظِيمُ""",1,"q25 = ""الله لا اله الا هو الحي القيوم لا تاخذه سنه ولا نوم له ما في السماوات وما في الار ض من ذا الذي يشفع عنده الا باذنه يعلم ما بين ايديهم وما خلفهم ولا يحيطون بشي من علمه الا بما شا وسع كر سيه السماوات والار ض ولا يئوده حفظهما وهو العلي العظيم الارض علما الامور العرش الغيب الثري ان يعلمها تصير الهكم ترجع يستحسرون""",1,,,,
,,,,اللَّهُ لَا إِلَهَ إِلَّا هُوَ الْحَيُّ الْقَيُّومُ لَا تَأْخُذُهُ سِنَةٌ وَ لَا نَوْمٌ لَهُ مَا فِي السَّمَاوَاتِ وَ مَا فِي الْأَرْضِ مَنْ ذَا الَّذِي يَشْفَعُ عِنْدَهُ إِلَّا بِإِذْنِهِ يَعْلَمُ مَا بَيْنَ أَيْدِيهِمْ وَ مَا خَلْفَهُمْ وَ لَا يُحِيطُونَ بِشَيْءٍ مِنْ عِلْمِهِ إِلَّا بِمَا شَاءَ وَسِعَ كُرْسِيُّهُ السَّمَاوَاتِ وَ الْأَرْضَ وَ لَا يَئُودُهُ حِفْظُهُمَا وَ هُوَ الْعَلِيُّ الْعَظِيمُ,0.85,اللَّهُ لَا إِلَهَ إِلَّا هُوَ الْحَيُّ الْقَيُّومُ لَا تَأْخُذُهُ سِنَةٌ وَ لَا نَوْمٌ لَهُ مَا فِي السَّمَاوَاتِ وَ مَا فِي الْأَرْضِ مَنْ ذَا الَّذِي يَشْفَعُ عِنْدَهُ إِلَّا بِإِذْنِهِ يَعْلَمُ مَا بَيْنَ أَيْدِيهِمْ وَ مَا خَلْفَهُمْ وَ لَا يُحِيطُونَ بِشَيْءٍ مِنْ عِلْمِهِ إِلَّا بِمَا شَاءَ وَسِعَ كُرْسِيُّهُ السَّمَاوَاتِ وَ الْأَرْضَ وَ لَا يَئُودُهُ حِفْظُهُمَا وَ هُوَ الْعَلِيُّ الْعَظِيمُ,0.727
,,,,لَهُ مَا فِي السَّمَاوَاتِ وَ مَا فِي الْأَرْضِ وَ هُوَ الْعَلِيُّ الْعَظِيمُ,0.366,يَعْلَمُ مَا بَيْنَ أَيْدِيهِمْ وَ مَا خَلْفَهُمْ وَ لَا يُحِيطُونَ بِهِ عِلْمًا,0.353
,,,,اللَّهُ لَا إِلَهَ إِلَّا هُوَ الْحَيُّ الْقَيُّومُ,0.358,يَعْلَمُ مَا بَيْنَ أَيْدِيهِمْ وَ مَا خَلْفَهُمْ وَ إِلَى اللَّهِ تُرْجَعُ الْأُمُورُ,0.349
,,,,يَعْلَمُ مَا بَيْنَ أَيْدِيهِمْ وَ مَا خَلْفَهُمْ وَ لَا يُحِيطُونَ بِهِ عِلْمًا,0.331,لَهُ مَا فِي السَّمَاوَاتِ وَ مَا فِي الْأَرْضِ وَ هُوَ الْعَلِيُّ الْعَظِيمُ,0.3
,,,,أَ لَمْ تَرَ أَنَّ اللَّهَ يَعْلَمُ مَا فِي السَّمَاوَاتِ وَ مَا فِي الْأَرْضِ مَا يَكُونُ مِنْ نَجْوَىٰ ثَلَاثَةٍ إِلَّا هُوَ رَابِعُهُمْ وَ لَا خَمْسَةٍ إِلَّا هُوَ سَادِسُهُمْ وَ لَا أَدْنَىٰ مِنْ ذَلِكَ وَ لَا أَكْثَرَ إِلَّا هُوَ مَعَهُمْ أَيْنَ مَا كَانُوا ثُمَّ يُنَبِّئُهُمْ بِمَا عَمِلُوا يَوْمَ الْقِيَامَةِ إِنَّ اللَّهَ بِكُلِّ شَيْءٍ عَلِيمٌ,0.242,وَ لِلَّهِ مَا فِي السَّمَاوَاتِ وَ مَا فِي الْأَرْضِ وَ إِلَى اللَّهِ تُرْجَعُ الْأُمُورُ,0.299
,,,,إِنَّمَا إِلَهُكُمُ اللَّهُ الَّذِي لَا إِلَهَ إِلَّا هُوَ وَسِعَ كُلَّ شَيْءٍ عِلْمًا,0.232,صِرَاطِ اللَّهِ الَّذِي لَهُ مَا فِي السَّمَاوَاتِ وَ مَا فِي الْأَرْضِ أَلَا إِلَى اللَّهِ تَصِيرُ الْأُمُورُ,0.297
,,,,يَعْلَمُ مَا بَيْنَ أَيْدِيهِمْ وَ مَا خَلْفَهُمْ وَ إِلَى اللَّهِ تُرْجَعُ الْأُمُورُ,0.23,اللَّهُ لَا إِلَهَ إِلَّا هُوَ الْحَيُّ الْقَيُّومُ,0.294
,,,,يَعْلَمُ مَا بَيْنَ أَيْدِيهِمْ وَ مَا خَلْفَهُمْ وَ لَا يَشْفَعُونَ إِلَّا لِمَنِ ارْتَضَىٰ وَ هُمْ مِنْ خَشْيَتِهِ مُشْفِقُونَ,0.225,لَهُ مُلْكُ السَّمَاوَاتِ وَ الْأَرْضِ وَ إِلَى اللَّهِ تُرْجَعُ الْأُمُورُ,0.277
,,,,اللَّهُ لَا إِلَهَ إِلَّا هُوَ رَبُّ الْعَرْشِ الْعَظِيمِ,0.224,إِنَّمَا إِلَهُكُمُ اللَّهُ الَّذِي لَا إِلَهَ إِلَّا هُوَ وَسِعَ كُلَّ شَيْءٍ عِلْمًا,0.276
,,,,صِرَاطِ اللَّهِ الَّذِي لَهُ مَا فِي السَّمَاوَاتِ وَ مَا فِي الْأَرْضِ أَلَا إِلَى اللَّهِ تَصِيرُ الْأُمُورُ,0.221,اللَّهُ لَا إِلَهَ إِلَّا هُوَ رَبُّ الْعَرْشِ الْعَظِيمِ,0.248
"q26 = ""غفور رحیم کریم علیم سمیع بصیر رحیم رحمن""",1,"q26 = ""غفور رحيم كريم عليم سميع بصير رحيم رحمن الرحيم الرحمن لهو العزيز ربك هو""",1,,,,
,,,,الرَّحْمَنِ الرَّحِيمِ,0.648,وَ إِنَّ رَبَّكَ لَهُوَ الْعَزِيزُ الرَّحِيمُ,0.571
,,,,نُزُلًا مِنْ غَفُورٍ رَحِيمٍ,0.521,وَ إِنَّ رَبَّكَ لَهُوَ الْعَزِيزُ الرَّحِيمُ,0.571
,,,,بِسْمِ اللَّهِ الرَّحْمَنِ الرَّحِيمِ,0.497,وَ إِنَّ رَبَّكَ لَهُوَ الْعَزِيزُ الرَّحِيمُ,0.571
,,,,تَنْزِيلٌ مِنَ الرَّحْمَنِ الرَّحِيمِ,0.482,وَ إِنَّ رَبَّكَ لَهُوَ الْعَزِيزُ الرَّحِيمُ,0.571
,,,,نَبِّئْ عِبَادِي أَنِّي أَنَا الْغَفُورُ الرَّحِيمُ,0.461,وَ إِنَّ رَبَّكَ لَهُوَ الْعَزِيزُ الرَّحِيمُ,0.571
,,,,إِنَّهُ هُوَ السَّمِيعُ الْعَلِيمُ,0.42,وَ إِنَّ رَبَّكَ لَهُوَ الْعَزِيزُ الرَّحِيمُ,0.571
,,,,وَ اسْتَغْفِرِ اللَّهَ إِنَّ اللَّهَ كَانَ غَفُورًا رَحِيمًا,0.402,وَ إِنَّ رَبَّكَ لَهُوَ الْعَزِيزُ الرَّحِيمُ,0.571
,,,,فَإِنِ انْتَهَوْا فَإِنَّ اللَّهَ غَفُورٌ رَحِيمٌ,0.401,وَ إِنَّ رَبَّكَ لَهُوَ الْعَزِيزُ الرَّحِيمُ,0.571
,,,,إِنَّهُ مِنْ سُلَيْمَانَ وَ إِنَّهُ بِسْمِ اللَّهِ الرَّحْمَنِ الرَّحِيمِ,0.379,الرَّحْمَنِ الرَّحِيمِ,0.442
,,,,وَ إِلَهُكُمْ إِلَهٌ وَاحِدٌ لَا إِلَهَ إِلَّا هُوَ الرَّحْمَنُ الرَّحِيمُ,0.377,إِلَّا مَنْ رَحِمَ اللَّهُ إِنَّهُ هُوَ الْعَزِيزُ الرَّحِيمُ,0.373
"q27 = ""وَلِلّهِ الأَسْمَاء الْحُسْنَى""",1,"q27 = ""ولله الاسما الحسني الله""",1,,,,
,,,,اللَّهُ لَا إِلَهَ إِلَّا هُوَ لَهُ الْأَسْمَاءُ الْحُسْنَىٰ,0.788,اللَّهُ لَا إِلَهَ إِلَّا هُوَ لَهُ الْأَسْمَاءُ الْحُسْنَىٰ,0.875
,,,,وَ لِلَّهِ الْأَسْمَاءُ الْحُسْنَىٰ فَادْعُوهُ بِهَا وَ ذَرُوا الَّذِينَ يُلْحِدُونَ فِي أَسْمَائِهِ سَيُجْزَوْنَ مَا كَانُوا يَعْمَلُونَ,0.432,هُوَ اللَّهُ الْخَالِقُ الْبَارِئُ الْمُصَوِّرُ لَهُ الْأَسْمَاءُ الْحُسْنَىٰ يُسَبِّحُ لَهُ مَا فِي السَّمَاوَاتِ وَ الْأَرْضِ وَ هُوَ الْعَزِيزُ الْحَكِيمُ,0.517
,,,,هُوَ اللَّهُ الْخَالِقُ الْبَارِئُ الْمُصَوِّرُ لَهُ الْأَسْمَاءُ الْحُسْنَىٰ يُسَبِّحُ لَهُ مَا فِي السَّمَاوَاتِ وَ الْأَرْضِ وَ هُوَ الْعَزِيزُ الْحَكِيمُ,0.405,وَ لِلَّهِ الْأَسْمَاءُ الْحُسْنَىٰ فَادْعُوهُ بِهَا وَ ذَرُوا الَّذِينَ يُلْحِدُونَ فِي أَسْمَائِهِ سَيُجْزَوْنَ مَا كَانُوا يَعْمَلُونَ,0.389
,,,,قُلِ ادْعُوا اللَّهَ أَوِ ادْعُوا الرَّحْمَنَ أَيًّا مَا تَدْعُوا فَلَهُ الْأَسْمَاءُ الْحُسْنَىٰ وَ لَا تَجْهَرْ بِصَلَاتِكَ وَ لَا تُخَافِتْ بِهَا وَ ابْتَغِ بَيْنَ ذَلِكَ سَبِيلًا,0.337,قُلِ ادْعُوا اللَّهَ أَوِ ادْعُوا الرَّحْمَنَ أَيًّا مَا تَدْعُوا فَلَهُ الْأَسْمَاءُ الْحُسْنَىٰ وَ لَا تَجْهَرْ بِصَلَاتِكَ وَ لَا تُخَافِتْ بِهَا وَ ابْتَغِ بَيْنَ ذَلِكَ سَبِيلًا,0.318
,,,,إِنَّ الَّذِينَ سَبَقَتْ لَهُمْ مِنَّا الْحُسْنَىٰ أُولَئِكَ عَنْهَا مُبْعَدُونَ,0.266,وَ أَمَّا مَنْ آمَنَ وَ عَمِلَ صَالِحًا فَلَهُ جَزَاءً الْحُسْنَىٰ وَ سَنَقُولُ لَهُ مِنْ أَمْرِنَا يُسْرًا,0.286
,,,,وَ عَلَّمَ آدَمَ الْأَسْمَاءَ كُلَّهَا ثُمَّ عَرَضَهُمْ عَلَى الْمَلَائِكَةِ فَقَالَ أَنْبِئُونِي بِأَسْمَاءِ هَؤُلَاءِ إِنْ كُنْتُمْ صَادِقِينَ,0.234,إِنَّ الَّذِينَ سَبَقَتْ لَهُمْ مِنَّا الْحُسْنَىٰ أُولَئِكَ عَنْهَا مُبْعَدُونَ,0.239
,,,,وَ أَمَّا مَنْ آمَنَ وَ عَمِلَ صَالِحًا فَلَهُ جَزَاءً الْحُسْنَىٰ وَ سَنَقُولُ لَهُ مِنْ أَمْرِنَا يُسْرًا,0.225,وَ لَهُ مَنْ فِي السَّمَاوَاتِ وَ الْأَرْضِ كُلٌّ لَهُ قَانِتُونَ,0.236
,,,,لِلَّذِينَ أَحْسَنُوا الْحُسْنَىٰ وَ زِيَادَةٌ وَ لَا يَرْهَقُ وُجُوهَهُمْ قَتَرٌ وَ لَا ذِلَّةٌ أُولَئِكَ أَصْحَابُ الْجَنَّةِ هُمْ فِيهَا خَالِدُونَ,0.192,وَ عَلَّمَ آدَمَ الْأَسْمَاءَ كُلَّهَا ثُمَّ عَرَضَهُمْ عَلَى الْمَلَائِكَةِ فَقَالَ أَنْبِئُونِي بِأَسْمَاءِ هَؤُلَاءِ إِنْ كُنْتُمْ صَادِقِينَ,0.21
,,,,وَ يَجْعَلُونَ لِلَّهِ مَا يَكْرَهُونَ وَ تَصِفُ أَلْسِنَتُهُمُ الْكَذِبَ أَنَّ لَهُمُ الْحُسْنَىٰ لَا جَرَمَ أَنَّ لَهُمُ النَّارَ وَ أَنَّهُمْ مُفْرَطُونَ,0.185,وَ لَهُ مَا فِي السَّمَاوَاتِ وَ الْأَرْضِ وَ لَهُ الدِّينُ وَاصِبًا أَ فَغَيْرَ اللَّهِ تَتَّقُونَ,0.208
,,,,لِلَّذِينَ اسْتَجَابُوا لِرَبِّهِمُ الْحُسْنَىٰ وَ الَّذِينَ لَمْ يَسْتَجِيبُوا لَهُ لَوْ أَنَّ لَهُمْ مَا فِي الْأَرْضِ جَمِيعًا وَ مِثْلَهُ مَعَهُ لَافْتَدَوْا بِهِ أُولَئِكَ لَهُمْ سُوءُ الْحِسَابِ وَ مَأْوَاهُمْ جَهَنَّمُ وَ بِئْسَ الْمِهَادُ,0.156,وَ قَالُوا اتَّخَذَ اللَّهُ وَلَدًا سُبْحَانَهُ بَلْ لَهُ مَا فِي السَّمَاوَاتِ وَ الْأَرْضِ كُلٌّ لَهُ قَانِتُونَ,0.2
:MRR,0.947,:MRR,0.944,,,,